13.5
0
0
4.5
4.5
4.5
15
37.8333
0
4.29412
0
0
45.5
0
0
0
0
0
0
10.6667
0
0
0
0
0
0
0
0
0
0
0
0
10.6667
0
41
0
0
0
0
0
0
0
0
0
0
0
0
0
0
0
0
0
0
0
0
0
0
0
0
0
0
0
0
0
45.5
0
0
0
0
0
0
0
0
0
0
0
0
0
0
25
0
25
0
0
0
0
0
0
0
18.25
18.25
55
18
0
148.583
84.8333
45
25
25
18
0
0
0
63.75
0
0
0
0
0
0
0
0
0
0
0
0
0
0
0
0
0
0
0
0
0
0
0
0
0
0
0
0
0
0
0
0
0
0
0
0
0
4.29412
0
0
0
100
0
0
0
0
0
125
0
0
0
0
0
0
0
0
4.29412
0
0
0
0
0
0
0
0
0
0
0
0
0
0
0
0
0
0
0
0
0
0
0
0
0
0
0
0
0
0
0
0
0
0
0
0
0
0
0
0
0
0
0
0
0
0
0
0
0
0
0
0
0
0
0
0
0
0
0
0
0
0
0
0
0
0
0
0
0
0
0
0
4.29412
0
0
0
0
0
0
0
0
0
0
0
0
0
0
0
0
0
0
0
0
0
0
0
0
0
0
0
0
0
0
0
0
0
0
0
0
0
0
0
0
0
0
0
0
0
0
0
0
0
0
0
0
0
0
0
0
0
0
0
0
0
0
0
0
0
0
0
0
0
0
0
0
0
0
0
0
0
0
0
0
0
0
0
66.6667
66.6667
66.6667
66.6667
66.6667
0
0
0
0
0
0
0
0
0
0
0
0
16.6667
0
0
0
0
0
0
50
50
50
50
50
0
0
0
13.5
0
0
0
0
0
0
0
0
0
0
0
0
0
4.29412
4.29412
0
0
0
0
0
0
0
0
0
0
0
0
0
0
0
0
0
0
0
0
4.29412
4.29412
0
0
0
0
0
0
0
0
0
0
0
0
0
0
0
0
0
0
0
0
12.1667
0
0
0
0
0
0
0
0
0
0
0
0
0
0
0
0
0
0
0
0
0
0
4.5
0
0
0
0
0
0
0
0
0
0
4.5
0
0
0
0
0
0
0
0
4.29412
0
0
0
0
25
4.29412
0
0
25
12.1667
12.1667
0
0
41
25
19.2941
0
0
0
0
0
0
0
0
0
0
0
0
0
0
0
0
0
0
0
0
0
0
10.6667
0
0
4.29412
0
0
0
0
0
0
0
0
0
0
15
0
0
173
10.6667
0
0
0
119
10.6667
0
0
0
62.1
0
3.6
0
3.6
16.4608
0
0
0
82
0
0
64
55
3.6
0
0
0
0
0
0
0
0
0
0
0
0
0
0
0
0
0
0
0
0
0
0
0
0
27
45
64
0
0
0
0
0
0
0
0
0
0
0
0
0
10.6667
0
0
0
0
0
0
0
0
0
0
0
0
0
0
0
0
0
0
0
0
0
0
0
0
0
0
0
0
0
0
0
0
0
0
0
4.29412
0
0
0
0
0
0
0
0
0
0
0
0
0
0
0
0
0
0
4.29412
0
0
0
0
0
0
0
0
0
0
0
0
0
0
0
0
0
0
0
0
0
0
0
0
0
0
0
9
36
55
0
0
0
0
0
0
0
0
0
0
0
0
0
0
0
0
33.3333
100
0
0
0
0
0
0
0
0
0
0
73
82
91
100
0
0
0
0
0
0
27
0
0
4.29412
0
0
49.5
0
0
0
18
0
0
0
0
12.1667
12.1667
18
0
0
0
0
0
133.333
200
200
200
200
173
164
155
145
136
118
21.3333
0
0
0
0
0
0
0
0
0
0
0
0
0
0
0
27.5
0
4.29412
27.5
3.6
150
150
