376 902
1 5 155 150 156 157 158 
2 4 157 159 154 160 
3 3 144 160 162 
4 3 150 159 151 
5 3 151 152 153 
6 3 132 141 161 
7 3 150 141 142 
8 3 151 154 15 
9 3 137 145 155 
10 5 133 142 143 144 145 
11 3 157 853 852 
12 4 150 132 140 134 
13 2 163 164 
14 2 900 902 
15 5 133 134 135 136 137 
16 4 3 6 7 8 
17 3 8 9 6 
18 2 792 793 
19 3 153 144 166 
20 5 3 8 7 9 10 
21 4 133 140 58 143 
22 2 782 783 
23 3 1 2 3 
24 5 54 852 861 853 862 
25 4 138 139 140 141 
26 2 166 167 
27 3 58 145 139 
28 4 133 131 58 135 
29 5 416 852 859 853 860 
30 2 228 70 
31 2 800 801 
32 2 167 168 
33 3 10 7 11 
34 4 14 15 7 16 
35 3 898 895 876 
36 5 40 852 873 853 874 
37 3 894 895 896 
38 5 43 129 130 131 132 
39 5 190 852 857 853 858 
40 5 434 852 871 853 872 
41 3 34 70 62 
42 2 168 163 
43 4 217 213 71 218 
44 3 136 172 146 
45 4 459 463 460 1 
46 2 784 785 
47 5 21 22 23 24 25 
48 5 431 852 869 853 870 
49 2 802 803 
50 3 146 58 130 
51 3 153 14 817 
52 2 2 4 
53 2 2 5 
54 5 428 852 867 853 868 
55 3 153 818 819 
56 2 876 879 
57 3 148 58 170 
58 4 43 171 170 172 
59 5 435 437 189 39 443 
60 3 16 17 18 
61 5 25 113 24 94 114 
62 5 893 882 880 878 894 
63 3 30 169 129 
64 3 54 190 197 
65 5 416 189 417 418 54 
66 3 54 190 194 
67 3 43 58 126 
68 2 153 781 
69 5 13 875 876 877 878 
70 3 531 534 532 
71 2 125 148 
72 3 543 534 544 
73 5 190 202 414 415 416 
74 3 897 127 898 
75 5 432 437 202 39 442 
76 5 425 852 865 853 866 
77 3 62 146 125 
78 5 186 852 855 853 856 
79 3 452 39 437 
80 3 875 880 881 
81 3 189 190 191 
82 2 15 820 
83 4 58 59 43 56 
84 3 57 112 138 
85 4 13 877 879 880 
86 4 27 54 53 47 
87 5 419 433 421 434 435 
88 4 13 881 879 882 
89 4 435 432 429 451 
90 4 227 228 40 220 
91 9 875 892 890 888 887 886 885 883 893 
92 4 13 882 879 883 
93 3 40 198 208 
94 5 429 437 192 39 441 
95 2 63 43 
96 5 21 26 23 27 28 
97 5 419 430 421 431 432 
98 3 58 175 179 
99 4 13 891 879 875 
100 5 197 208 203 209 210 
101 5 13 889 879 891 892 
102 5 13 883 879 884 885 
103 2 18 19 
104 5 13 888 879 889 890 
105 3 192 202 224 
106 3 34 179 180 
107 4 188 194 202 209 
108 4 13 884 879 886 
109 4 202 188 194 203 
110 5 21 29 23 30 31 
111 4 13 887 879 888 
112 4 47 43 55 41 
113 4 13 886 879 887 
114 4 125 126 127 128 
115 2 37 40 
116 3 226 39 227 
117 2 203 51 
118 3 192 54 193 
119 4 224 184 189 225 
120 4 451 423 426 452 
121 5 186 192 412 413 190 
122 4 28 51 52 53 
123 3 30 173 171 
124 3 225 39 226 
125 3 189 212 169 
126 3 557 33 58 
127 2 443 454 
128 5 419 427 421 428 429 
129 4 30 62 63 38 
130 2 138 761 
131 2 62 42 
132 2 13 21 
133 2 33 23 
134 4 63 31 112 59 
135 5 25 47 40 48 49 
136 5 422 852 863 853 864 
137 5 36 40 41 31 29 
138 4 47 60 25 61 
139 3 187 191 198 
140 3 25 21 72 
141 7 768 781 39 177 667 814 792 
142 3 39 59 407 
143 3 33 417 418 
144 3 33 414 415 
145 3 89 99 112 
146 4 62 128 146 147 
147 5 419 424 421 425 426 
148 5 28 38 36 39 26 
149 2 57 55 
150 3 4 250 251 
151 4 72 73 74 75 
152 5 426 437 181 39 440 
153 2 453 421 
154 4 75 77 60 117 
155 4 76 78 74 60 
156 4 21 32 33 34 
157 3 5 339 340 
158 4 73 76 74 77 
159 5 45 559 58 560 228 
160 4 94 93 95 63 
161 5 21 89 95 100 104 
162 4 45 56 48 52 
163 3 184 186 188 
164 5 96 25 97 98 99 
165 4 78 79 74 80 
166 3 71 61 35 
167 5 83 80 117 113 123 
168 7 675 647 676 649 677 651 678 
169 4 79 81 74 82 
170 3 81 74 83 
171 5 463 505 486 506 446 
172 3 21 105 106 
173 5 25 35 36 37 22 
174 5 419 420 421 422 423 
175 4 21 180 33 175 
176 2 82 111 
177 3 108 95 97 
178 2 817 814 
179 3 63 95 92 
180 3 210 39 211 
181 2 17 20 
182 2 84 74 
183 3 100 95 86 
184 5 100 101 95 102 103 
185 3 102 98 101 
186 4 83 103 117 118 
187 3 169 62 721 
188 5 98 52 102 99 115 
189 3 96 111 108 
190 7 763 781 458 177 650 814 782 
191 3 33 412 413 
192 2 442 455 
193 5 184 181 410 411 186 
194 4 195 212 19 213 
195 4 85 25 86 87 
196 5 21 87 88 89 90 
197 2 900 901 
198 4 116 104 90 84 
199 3 182 186 187 
200 5 407 182 408 409 184 
201 4 430 36 433 450 
202 2 169 173 
203 2 184 438 
204 4 103 98 119 120 
205 4 896 899 19 897 
206 4 449 450 33 453 
207 4 123 118 120 121 
208 5 185 192 39 68 212 
209 4 420 424 427 449 
210 5 423 437 438 39 439 
211 2 84 106 
212 3 181 184 185 
213 2 465 459 
214 2 19 460 
215 3 446 419 412 
216 3 124 95 116 
217 3 447 419 414 
218 3 448 419 417 
219 2 819 177 
220 3 33 410 411 
221 7 772 781 201 177 680 814 800 
222 3 33 408 409 
223 3 181 182 183 
224 3 214 34 215 
225 4 419 436 33 37 
226 3 514 119 96 
227 3 217 33 66 
228 3 91 92 93 
229 4 554 45 19 557 
230 2 213 221 
231 5 13 554 19 36 45 
232 2 554 419 
233 5 184 852 14 853 854 
234 3 105 107 106 
235 3 444 419 408 
236 3 445 419 410 
237 4 459 460 462 464 
238 2 511 433 
239 4 459 461 460 462 
240 2 507 420 
241 2 114 724 
242 4 121 115 110 122 
243 4 465 464 460 466 
244 2 441 456 
245 4 465 466 460 467 
246 3 85 109 110 
247 4 465 467 460 468 
248 2 794 795 
249 2 19 483 
250 2 510 430 
251 4 459 301 460 461 
252 2 508 424 
253 3 107 106 65 
254 3 605 572 94 
255 3 65 49 109 
256 3 31 25 69 
257 7 764 781 457 177 654 814 784 
258 4 419 45 20 124 
259 4 482 485 483 486 
260 4 50 49 46 32 
261 2 250 241 
262 2 19 229 
263 2 251 230 
264 2 509 427 
265 4 193 185 204 199 
266 2 19 318 
267 3 128 91 149 
268 4 486 483 487 488 
269 4 193 183 204 205 
270 5 462 505 485 506 445 
271 4 594 42 600 581 
272 4 13 547 548 549 
273 2 339 330 
274 4 465 468 460 469 
275 2 340 319 
276 4 13 551 552 553 
277 5 461 505 484 506 444 
278 2 62 649 
279 4 195 68 39 204 
280 3 58 598 591 
281 5 481 505 504 506 113 
282 5 467 505 490 506 507 
283 4 482 484 483 485 
284 4 779 444 780 650 
285 5 464 505 488 506 447 
286 4 779 507 780 667 
287 4 488 482 483 489 
288 5 308 505 397 506 88 
289 2 440 457 
290 5 466 505 489 506 448 
291 5 311 505 400 506 514 
292 5 309 505 398 506 85 
293 4 487 489 483 490 
294 3 549 553 554 
295 2 19 760 
296 4 487 490 483 491 
297 4 482 390 483 484 
298 2 487 482 
299 2 214 68 
300 2 512 436 
301 5 468 505 491 506 508 
302 5 602 127 600 594 585 
303 6 679 647 649 680 651 681 
304 5 42 43 44 45 46 
305 4 211 219 220 214 
306 4 779 511 780 680 
307 3 173 195 196 
308 7 646 647 648 649 650 651 652 
309 4 779 445 780 654 
310 4 481 311 546 547 
311 4 309 284 310 311 
312 4 300 277 229 301 
313 3 229 309 307 
314 4 504 400 550 551 
315 2 299 309 
316 4 305 306 307 308 
317 3 11 12 13 
318 2 721 651 
319 4 398 373 399 400 
320 4 45 549 20 546 
321 4 193 188 204 207 
322 2 281 284 
323 3 305 317 310 
324 3 318 398 396 
325 2 299 289 
326 3 304 315 306 
327 2 388 398 
328 5 287 312 310 313 299 
329 4 300 302 303 304 
330 4 313 288 314 300 
331 2 229 253 
332 4 288 291 289 292 
333 3 293 295 289 
334 3 295 296 289 
335 4 291 293 289 294 
336 3 309 290 516 
337 4 297 295 296 298 
338 4 394 395 396 397 
339 4 290 292 294 297 
340 5 287 298 303 314 305 
341 3 304 277 302 
342 5 300 316 286 317 315 
343 3 283 313 312 
344 4 287 288 289 290 
345 4 45 553 20 550 
346 3 285 303 317 
347 3 315 279 316 
348 2 506 505 
349 4 487 491 483 492 
350 3 281 282 283 
351 2 196 779 
352 2 259 277 
353 3 277 256 279 
354 2 370 373 
355 4 389 366 318 390 
356 2 388 378 
357 3 398 379 517 
358 3 394 406 399 
359 4 66 67 68 57 
360 5 272 274 279 280 281 
361 4 262 257 278 286 
362 4 278 256 253 285 
363 5 376 401 399 402 388 
364 5 275 273 279 280 282 
365 3 393 404 395 
366 5 252 256 253 258 259 
367 4 380 382 378 383 
368 4 379 381 383 386 
369 4 264 262 260 274 
370 3 382 384 378 
371 4 377 380 378 381 
372 3 384 385 378 
373 4 260 276 277 278 
374 4 386 384 385 387 
375 4 270 268 266 272 
376 4 265 263 261 275 
264
1 164 0 0
2 783 9 0
3 646 18 0
4 785 27 0
5 653 36 0
6 793 9 0
7 666 27 0
8 795 45 0
9 675 9 0
10 801 18 0
11 679 36 0
12 803 27 0
13 441 45 100
14 442 36 100
15 443 27 100
16 437 18 100
17 900 0 100
18 860 45 100
19 862 36 100
20 902 27 100
21 818 45 100
22 14 36 100
23 855 27 100
24 857 9 100
25 859 0 100
26 861 0 100
27 863 0 73
28 865 0 64
29 867 0 55
30 869 0 45
31 871 0 36
32 873 0 18
33 218 0 100
34 24 0 91
35 70 0 82
36 19 0 73
37 42 0 64
38 895 0 55
39 161 0 45
40 158 0 27
41 162 0 18
42 133 0 100
43 159 0 91
44 156 0 82
45 150 0 73
46 157 0 64
47 152 0 55
48 154 0 36
49 1 0 27
50 7 0 18
51 534 0 9
52 376 50 49.6263
53 272 50 49.7029
54 251 50 49.6782
55 375 50 49.6384
56 251 50 49.6828
57 251 50 49.6886
58 251 50 49.6933
59 251 50 49.6953
60 388 50 49.52
61 375 50 49.7388
62 251 50 49.6928
63 251 50 49.6765
64 590 50 50.8235
65 317 50 49.5179
66 400 50 49.6192
67 388 50 49.4995
68 365 50 49.4397
69 186 50 56.8664
70 405 50 49.5241
71 307 50 49.1027
72 403 50 49.48
73 369 50 49.5509
74 251 50 49.62
75 279 50 49.6592
76 251 50 49.6424
77 396 50 49.0541
78 480 50 50.4164
79 90 50 50.3293
80 365 50 49.3809
81 365 50 49.3468
82 18 50 46.3374
83 286 50 49.6397
84 369 50 49.4405
85 503 50 50.3357
86 365 50 49.31
87 300 50 47.5194
88 176 50 34.5299
89 275 50 49.5167
90 445 50 44.9704
91 61 50 47.5139
92 41 50 47.104
93 121 50 53.6459
94 18 50 51.4054
95 375 50 49.2214
96 468 50 49.3966
97 251 50 49.4945
98 19 50 46.9578
99 760 50 40.7773
100 580 50 50.6794
101 438 50 63.4655
102 509 50 43.1181
103 228 50 49.5781
104 584 50 50.697
105 198 50 46.2076
106 19 50 47.132
107 571 50 50.758
108 464 50 49.0333
109 90 50 50.1079
110 584 50 50.6411
111 645 50 31.7923
112 646 50 33.1537
113 760 50 40.8682
114 511 50 43.1015
115 507 50 43.9923
116 18 50 50.5524
117 571 50 50.8634
118 317 50 48.9604
119 146 50 43.8021
120 18 50 50.5812
121 240 50 48.7131
122 240 50 48.732
123 240 50 48.7368
124 19 50 45.6369
125 240 50 48.9337
126 504 50 49.1986
127 229 50 48.9868
128 229 50 48.85
129 229 50 48.8466
130 229 50 48.8324
131 504 50 49.1128
132 760 50 38.7445
133 19 50 46.1789
134 446 50 45.6881
135 329 50 47.7411
136 329 50 47.7661
137 329 50 47.7725
138 329 50 48.0334
139 229 50 49.1373
140 19 50 48.4468
141 318 50 48.0953
142 318 50 47.9015
143 318 50 47.8966
144 318 50 47.8765
145 486 50 49.4026
146 571 50 50.193
147 584 50 50.419
148 148 50 44.1871
149 760 50 40.6576
150 318 50 48.2528
151 759 50 44.3606
152 19 50 48.482
153 646 50 33.1771
154 176 50 41.0491
155 593 50 50.8095
156 552 50 48.2871
157 447 50 45.7137
158 32 50 47.2808
159 176 50 37.0727
160 531 50 47.6693
161 49 50 51.4092
162 504 50 48.8478
163 468 50 49.1546
164 176 50 43.9184
165 531 50 46.7912
166 677 50 35.9621
167 543 50 46.777
168 508 50 43.756
169 220 50 33.5375
170 571 50 50.7049
171 491 50 49.2867
172 220 50 38.1735
173 70 50 33.2822
174 760 50 38.4058
175 18 50 43.6947
176 723 50 40.9916
177 480 50 49.8204
178 240 50 49.1557
179 760 50 40.6972
180 503 50 49.821
181 760 50 39.2554
182 651 50 38.1853
183 229 50 49.205
184 723 50 40.2565
185 723 50 40.2977
186 680 50 35.6422
187 723 50 39.5776
188 329 50 47.9272
189 318 50 47.9475
190 760 50 40.8312
191 723 50 39.9112
192 723 50 40.3011
193 723 50 39.6606
194 176 50 41.4034
195 597 50 50.4805
196 723 50 39.5458
197 66 50 39.0138
198 723 50 43.8407
199 723 50 39.698
200 723 50 40.385
201 723 50 40.3566
202 530 50 45.5816
203 819 50 31.7583
204 542 50 45.6003
205 760 50 40.7924
206 760 50 44.5857
207 760 50 38.9099
208 35 50 63.7078
209 760 50 38.7141
210 723 50 39.8322
211 760 50 39.1263
212 206 50 47.6201
213 646 50 32.5693
214 162 50 5.51719
215 723 50 41.1394
216 723 50 40.5154
217 760 50 40.3473
218 760 50 42.011
219 723 50 40.1066
220 19 50 54.5942
221 176 50 41.4109
222 67 50 49.3585
223 11 50 53.914
224 646 50 33.4861
225 176 50 36.5847
226 176 50 36.2601
227 760 50 39.7302
228 819 50 31.3643
229 220 50 35.0899
230 505 50 51.7302
231 66 50 35.375
232 819 50 31.7942
233 176 50 39.4234
234 176 50 35.7812
235 646 50 32.1906
236 176 50 43.7951
237 819 50 31.3912
238 11 50 50.025
239 597 50 49.2666
240 206 50 50.2973
241 819 50 29.8026
242 44 50 40.8402
243 646 50 40.3683
244 32 50 73.5034
245 646 50 35.6885
246 597 50 50.0638
247 819 50 31.2107
248 43 50 46.2774
249 41 50 48.0947
250 41 50 48.0779
251 176 50 38.0009
252 898 50 48.1105
253 43 50 47.115
254 18 50 51.5416
255 43 50 42.0615
256 819 50 30.7784
257 43 50 45.6763
258 646 50 32.1078
259 819 50 42.4959
260 646 50 43.8542
261 646 50 32.5989
262 646 50 39.2854
263 646 50 44.1618
264 819 50 41.7276
