1 7.23226 58.3722 
2 9.05318 55.8275 
3 18.1463 40.0465 
4 9.50706 63.2503 
5 13.6473 55.3403 
6 15.1174 53.0986 
7 16.0295 58.6996 
8 12.9921 52.8648 
9 17.4939 58.5494 
10 19.5639 57.8608 
11 13.2181 62.7458 
12 19.4379 58.8664 
13 4.24156 9.44916 
14 15.4286 100 
15 22.684 60.0617 
16 21.7994 39.2018 
17 22.9145 39.7711 
18 20.5987 20.4153 
19 21.2078 47.2458 
20 23.472 40.0557 
21 23.3962 60.0227 
22 20.2587 16.411 
23 23.6393 39.1137 
24 22.523 81.9977 
25 23.8433 56.6328 
26 16.9662 37.7966 
27 25.5671 56.5676 
28 26.497 59.5853 
29 24.5502 82.3368 
30 35.4352 53.5959 
31 26.0496 15.6095 
32 12.7247 28.3475 
33 29.9767 43.3763 
34 26.1661 53.559 
35 31.5721 51.8215 
36 19.7689 46.2579 
37 29.3947 52.4124 
38 31.3937 54.3928 
39 21.0443 76.2833 
40 17.1106 53.4397 
41 34.1652 53.5594 
42 8.48312 18.8983 
43 27.7109 69.3458 
44 33.5801 53.8212 
45 33.5089 43.8876 
46 30.5445 18.8204 
47 32.246 61.6145 
48 16.9234 56.866 
49 27 -3.43021e-12 
50 34.8163 53.0678 
51 29.0541 57.3521 
52 34.1573 43.3203 
53 28.8983 41.217 
54 17.3336 60.0577 
55 39.138 61.733 
56 35.9572 52.0606 
57 38.8684 51.3659 
58 38.0961 51.9944 
59 32.0436 69.4874 
60 38.2969 51.669 
61 33.5832 60.585 
62 35.6446 52.1999 
63 34.8214 53.9557 
64 33.0553 64.4434 
65 33.1161 65.0332 
66 32.7027 65.4382 
67 37.8087 52.0263 
68 29.3688 45.5229 
69 36.5673 52.1189 
70 33.3333 34.4264 
71 41.0203 49.2495 
72 33.3333 34.2451 
73 33.33 65.0396 
74 37.5137 51.2265 
75 33.4599 70.0053 
76 17.2556 62.8284 
77 37.7814 50.1181 
78 28.5542 75.1036 
79 33.0053 64.512 
80 37.0839 52.158 
81 34.557 62.7683 
82 19.5791 53.2119 
83 38.0548 53.7905 
84 35.8066 53.949 
85 37.2649 52.1484 
86 36.5906 59.2851 
87 30.6779 57.3812 
88 37.474 52.159 
89 32.3086 63.6275 
90 40.1996 50.1073 
91 37.5293 52.1564 
92 37.6408 52.1581 
93 38.4513 54.5103 
94 35.2399 69.8808 
95 40.2359 51.9996 
96 36.9627 57.5921 
97 30.0994 58.9718 
98 35.549 55.4777 
99 37.8726 52.1472 
100 35.8371 60.0121 
101 37.9675 52.1496 
102 37.9729 52.151 
103 45.5802 50.3565 
104 37.996 52.1501 
105 34.7347 63.8495 
106 36.5883 55.3682 
107 34.7402 63.0304 
108 38.0694 52.1494 
109 34.8188 62.9626 
110 37.2288 55.522 
111 38.0899 52.149 
112 42.4155 51.7446 
113 38.099 52.149 
114 37.4313 51.327 
115 36.7286 54.2011 
116 36.9469 56.7613 
117 36.3742 59.5487 
118 34.1857 64.0469 
119 34.8287 62.3516 
120 32.7904 62.2281 
121 35.5385 62.2548 
122 37.4205 57.61 
123 37.0499 53.1781 
124 35.5778 59.8825 
125 35.2897 58.5202 
126 36.52 55.2446 
127 29.5218 84.7437 
128 31.3672 58.837 
129 36.7889 53.5165 
130 29.825 55.2909 
131 29.3647 52.9193 
132 38.4759 54.1471 
133 36.0875 57.7974 
134 37.9129 54.5834 
135 39.4563 54.2367 
136 17.2665 66.0792 
137 39.6366 52.8594 
138 40.7167 55.2575 
139 38.7173 57.7649 
140 39.0937 55.8109 
141 32.1974 40.8306 
142 36.4367 57.7843 
143 35.4183 60.2289 
144 35.8239 59.9958 
145 39.5074 54.3895 
146 37.2433 50.642 
147 31.126 58.4011 
148 36.8431 56.5859 
149 40.8777 52.0472 
150 42.0457 46.4752 
151 40.1969 55.2957 
152 33.614 59.937 
153 33.0079 57.573 
154 40.6638 55.1325 
155 40.7195 55.0758 
156 39.754 56.5199 
157 28.8983 41.217 
158 40.7098 55.0629 
159 38.2469 53.0488 
160 37.7171 55.3923 
161 40.2158 54.6054 
162 39.0494 54.2261 
163 35.8461 62.5166 
164 40.0715 54.9494 
165 40.7326 55.0606 
166 39.2393 60.3813 
167 40.716 55.2268 
168 34.0078 25.1215 
169 40.7522 54.9394 
170 40.8411 54.9825 
171 42.4743 48.5231 
172 39.8196 55.2708 
173 39.2975 57.1173 
174 31.1597 59.4488 
175 36.7279 56.0908 
176 40.7064 54.7392 
177 40.1179 54.6799 
178 31.0149 46.4901 
179 38.7801 54.057 
180 37.3425 56.8209 
181 39.3561 52.2382 
182 41.2431 54.5397 
183 40.4147 54.4685 
184 40.4976 54.6148 
185 40.6458 54.6934 
186 41.3447 54.7831 
187 36.5178 48.3272 
188 40.5789 54.8085 
189 40.6606 54.539 
190 31.5175 32.8219 
191 36.6929 58.7496 
192 34.73 85.0027 
193 36.4919 59.9084 
194 36.4932 57.9727 
195 41.2962 54.2561 
196 42.4588 53.4411 
197 7.71429 100 
198 42.2787 53.6329 
199 37.3692 60.1675 
200 36.3291 58.7102 
201 35.0777 55.7252 
202 36.3367 53.3595 
203 38.7477 62.643 
204 41.5431 54.3832 
205 36.7533 51.6266 
206 35.1298 56.538 
207 42.5757 54.5708 
208 36.1882 59.5668 
209 35.6509 55.3875 
210 35.7957 63.7591 
211 41.376 54.3866 
212 35.3339 60.7966 
213 42.7516 48.2525 
214 42.8716 49.8004 
215 39.1062 54.7078 
216 40.1033 54.1701 
217 39.0201 55.5956 
218 37.346 56.8164 
219 40.9448 36.0168 
220 36.9853 57.6574 
221 34.0991 31.219 
222 36.683 57.1618 
223 35.8792 60.1051 
224 38.5455 53.5292 
225 36.6116 56.4985 
226 42.2434 53.4462 
227 37.3067 56.1858 
228 38.0663 53.9766 
229 39.6699 53.1527 
230 32.102 63.6592 
231 39.6925 53.0105 
232 37.5866 54.6857 
233 28.755 65.7587 
234 41.3321 54.5034 
235 37.4732 53.5689 
236 38.7145 53.7407 
237 44.1259 48.8181 
238 39.2613 49.2374 
239 43.3597 48.7191 
240 38.8319 51.548 
241 33.5832 60.585 
242 43.3982 54.1342 
243 43.9736 49.1987 
244 40.12 84.9404 
245 43.3652 49.0993 
246 43.3277 53.4855 
247 44.5213 48.7922 
248 45 -3.72816e-12 
249 44.0027 50.4259 
250 32.5886 57.3485 
251 44.4403 48.7638 
252 40.7078 51.6741 
253 41.8218 54.2868 
254 35.6501 57.9887 
255 43.1276 53.7092 
256 38.2398 55.525 
257 34.0889 37.6408 
258 38.4074 54.2409 
259 45.0581 49.3506 
260 43.2435 54.4201 
261 42.0457 46.4752 
262 46.1364 50.2102 
263 49.2768 49.3672 
264 41.7545 50.1152 
265 35.5977 60.6911 
266 46.1377 49.8106 
267 37.7018 52.4806 
268 45.2225 49.56 
269 35.642 60.6624 
270 44.001 49.0104 
271 27.6722 54.4166 
272 40.6753 52.1421 
273 28.8983 41.217 
274 44.7178 48.741 
275 28.8983 41.217 
276 43.7992 50.8388 
277 42.9755 49.2164 
278 36.6319 39.9543 
279 36.7097 57.8964 
280 33.5324 55.0197 
281 43.3948 52.2956 
282 44.0679 48.907 
283 44.5574 49.3866 
284 38.6481 43.104 
285 45.0207 49.9413 
286 38.7079 44.1344 
287 44.5942 49.984 
288 45.625 50.8719 
289 33.8515 48.7889 
290 42.6583 51.4784 
291 44.8212 51.2111 
292 45.6187 50.9703 
293 44.555 49.804 
294 40.8799 52.3992 
295 46.3923 45.9272 
296 45.4803 49.4399 
297 45.3493 49.2923 
298 45.0804 49.5403 
299 39.2473 53.898 
300 36.6116 56.4985 
301 46.0543 49.1516 
302 32.5723 52.8467 
303 39.2533 25.0951 
304 38.9514 51.0406 
305 41.2629 49.9205 
306 41.2895 40.7415 
307 37.2111 53.0578 
308 40.5998 34.9674 
309 39.2186 43.5488 
310 42.6603 51.8959 
311 46.7248 50.3721 
312 47.8849 49.0637 
313 48.3354 49.6595 
314 45.4181 50.7146 
315 47.4609 50.0271 
316 47.9027 49.8573 
317 40.918 50.6782 
318 38.7415 39.5848 
319 47.6296 50.1563 
320 40.7981 52.3544 
321 35.3629 61.6867 
322 47.823 50.0208 
323 48.3004 49.7061 
324 48.4694 49.3743 
325 47.8411 49.8137 
326 48.5445 49.5209 
327 48.4618 49.8853 
328 47.913 49.7963 
329 48.6645 49.2601 
330 48.3312 49.4595 
331 49.0391 49.2837 
332 48.0173 49.6944 
333 47.9918 49.7209 
334 48.007 49.7147 
335 47.9787 49.7245 
336 47.5001 49.9952 
337 48.0565 49.6921 
338 47.6121 50.0292 
339 47.9484 49.7426 
340 48.2464 49.6047 
341 48.6093 49.3469 
342 49.1055 49.3339 
343 48.4171 49.6635 
344 47.9819 49.7236 
345 42.0407 51.8271 
346 48.9261 49.4 
347 49.0825 49.4696 
348 44.6892 50.2656 
349 45.8265 49.5047 
350 48.7121 49.6992 
351 38.3386 47.97 
352 48.7334 49.3284 
353 48.9408 49.4159 
354 47.6296 50.1563 
355 47.3376 48.8434 
356 48.9634 49.7698 
357 47.9603 50.0009 
358 47.9768 50.0015 
359 42.8732 50.7504 
360 49.1305 49.6399 
361 49.1861 49.462 
362 48.9713 49.388 
363 49.0532 49.7913 
364 49.2424 49.6036 
365 47.6121 50.0292 
366 48.8836 49.3489 
367 48.5291 49.8698 
368 48.3756 49.9052 
369 49.0713 49.5024 
370 48.5725 49.8598 
371 48.5204 49.8718 
372 48.5699 49.8604 
373 48.8974 49.4054 
374 48.4927 49.8782 
375 49.5652 49.6713 
376 49.6212 49.5602 
