1 7.23226  58.3722 
2 9.05318  55.8275 
3 18.1463  40.0465 
4 9.50706  63.2503 
5 13.6473  55.3403 
6 15.1174  53.0986 
7 16.0295  58.6996 
8 12.9921  52.8648 
9 17.4939  58.5494 
10 19.5639  57.8608 
11 13.2181  62.7458 
12 19.4379  58.8664 
13 4.24156  9.44916 
14 15.4286  100 
15 22.684  60.0617 
16 21.7994  39.2018 
17 22.9145  39.7711 
18 20.5987  20.4153 
19 21.2078  47.2458 
20 23.472  40.0557 
21 23.3962  60.0227 
22 20.2587  16.411 
23 23.6393  39.1137 
24 22.523  81.9977 
25 23.8433  56.6328 
26 16.9662  37.7966 
27 25.5671  56.5676 
28 26.497  59.5853 
29 24.5502  82.3368 
30 35.4352  53.5959 
31 26.0496  15.6095 
32 12.7247  28.3475 
33 29.9767  43.3763 
34 26.1661  53.559 
35 31.5721  51.8215 
36 19.7689  46.2579 
37 29.3947  52.4124 
38 31.3937  54.3928 
39 21.0443  76.2833 
40 17.1106  53.4397 
41 34.1652  53.5594 
42 8.48312  18.8983 
43 27.7109  69.3458 
44 33.5801  53.8212 
45 33.5089  43.8876 
46 30.5445  18.8204 
47 32.246  61.6145 
48 16.9234  56.866 
49 27  -3.43021e-12 
50 34.8163  53.0678 
51 29.0541  57.3521 
52 34.1573  43.3203 
53 28.8983  41.217 
54 17.3336  60.0577 
55 39.138  61.733 
56 35.9572  52.0606 
57 38.8684  51.3659 
58 38.0961  51.9944 
59 32.0436  69.4874 
60 38.2969  51.669 
61 33.5832  60.585 
62 35.6446  52.1999 
63 34.8214  53.9557 
64 33.0553  64.4434 
65 33.1161  65.0332 
66 32.7027  65.4382 
67 37.8087  52.0263 
68 29.3688  45.5229 
69 36.5673  52.1189 
70 33.3333  34.4264 
71 41.0203  49.2495 
72 33.3333  34.2451 
73 33.33  65.0396 
74 37.5137  51.2265 
75 33.4599  70.0053 
76 17.2556  62.8284 
77 37.7814  50.1181 
78 28.5542  75.1036 
79 33.0053  64.512 
80 37.0839  52.158 
81 34.557  62.7683 
82 19.5791  53.2119 
83 38.0548  53.7905 
84 35.8066  53.949 
85 37.2649  52.1484 
86 36.5906  59.2851 
87 30.6779  57.3812 
88 37.474  52.159 
89 32.3086  63.6275 
90 40.1996  50.1073 
91 37.5293  52.1564 
92 37.6408  52.1581 
93 38.4513  54.5103 
94 35.2399  69.8808 
95 40.2359  51.9996 
96 36.9627  57.5921 
97 30.0994  58.9718 
98 35.549  55.4777 
99 37.8726  52.1472 
100 35.8371  60.0121 
101 37.9675  52.1496 
102 37.9729  52.151 
103 45.5802  50.3565 
104 37.996  52.1501 
105 34.7347  63.8495 
106 36.5883  55.3682 
107 34.7402  63.0304 
108 38.0694  52.1494 
109 34.8188  62.9626 
110 37.2288  55.522 
111 38.0899  52.149 
112 42.4155  51.7446 
113 38.099  52.149 
114 37.4313  51.327 
115 36.7286  54.2011 
116 36.9469  56.7613 
117 36.3742  59.5487 
118 34.1857  64.0469 
119 34.8287  62.3516 
120 32.7904  62.2281 
121 35.5385  62.2548 
122 37.4205  57.61 
123 37.0499  53.1781 
124 35.5778  59.8825 
125 35.2897  58.5202 
126 36.52  55.2446 
127 29.5218  84.7437 
128 31.3672  58.837 
129 36.7889  53.5165 
130 29.825  55.2909 
131 29.3647  52.9193 
132 38.4759  54.1471 
133 36.0875  57.7974 
134 37.9129  54.5834 
135 39.4563  54.2367 
136 17.2665  66.0792 
137 39.6366  52.8594 
138 40.7167  55.2575 
139 38.7173  57.7649 
140 39.0937  55.8109 
141 32.1974  40.8306 
142 36.4367  57.7843 
143 35.4183  60.2289 
144 35.8239  59.9958 
145 39.5074  54.3895 
146 37.2433  50.642 
147 31.126  58.4011 
148 36.8431  56.5859 
149 40.8777  52.0472 
150 42.0457  46.4752 
151 40.1969  55.2957 
152 33.614  59.937 
153 33.0079  57.573 
154 40.6638  55.1325 
155 40.7195  55.0758 
156 39.754  56.5199 
157 28.8983  41.217 
158 40.7098  55.0629 
159 38.2469  53.0488 
160 37.7171  55.3923 
161 40.2158  54.6054 
162 39.0494  54.2261 
163 35.8461  62.5166 
164 40.0715  54.9494 
165 40.7326  55.0606 
166 39.2393  60.3813 
167 40.716  55.2268 
168 34.0078  25.1215 
169 40.7522  54.9394 
170 40.8411  54.9825 
171 42.4743  48.5231 
172 39.8196  55.2708 
173 39.2975  57.1173 
174 31.1597  59.4488 
175 36.7279  56.0908 
176 40.7064  54.7392 
177 40.1179  54.6799 
178 31.0149  46.4901 
179 38.7801  54.057 
180 37.3425  56.8209 
181 39.3561  52.2382 
182 41.2431  54.5397 
183 40.4147  54.4685 
184 40.4976  54.6148 
185 40.6458  54.6934 
186 41.3447  54.7831 
187 36.5178  48.3272 
188 40.5789  54.8085 
189 40.6606  54.539 
190 31.5175  32.8219 
191 36.6929  58.7496 
192 34.73  85.0027 
193 36.4919  59.9084 
194 36.4932  57.9727 
195 41.2962  54.2561 
196 42.4588  53.4411 
197 7.71429  100 
198 42.2787  53.6329 
199 37.3692  60.1675 
200 36.3291  58.7102 
201 35.0777  55.7252 
202 36.3367  53.3595 
203 38.7477  62.643 
204 41.5431  54.3832 
205 36.7533  51.6266 
206 35.1298  56.538 
207 42.5757  54.5708 
208 36.1882  59.5668 
209 35.6509  55.3875 
210 35.7957  63.7591 
211 41.376  54.3866 
212 35.3339  60.7966 
213 42.7516  48.2525 
214 42.8716  49.8004 
215 39.1062  54.7078 
216 40.1033  54.1701 
217 39.0201  55.5956 
218 37.346  56.8164 
219 40.9448  36.0168 
220 36.9853  57.6574 
221 34.0991  31.219 
222 36.683  57.1618 
223 35.8792  60.1051 
224 38.5455  53.5292 
225 36.6116  56.4985 
226 42.2434  53.4462 
227 37.3067  56.1858 
228 38.0663  53.9766 
229 39.6699  53.1527 
230 32.102  63.6592 
231 39.6925  53.0105 
232 37.5866  54.6857 
233 28.755  65.7587 
234 41.3321  54.5034 
235 37.4732  53.5689 
236 38.7145  53.7407 
237 44.1259  48.8181 
238 39.2613  49.2374 
239 43.3597  48.7191 
240 38.8319  51.548 
241 33.5832  60.585 
242 43.3982  54.1342 
243 43.9736  49.1987 
244 40.12  84.9404 
245 43.3652  49.0993 
246 43.3277  53.4855 
247 44.5213  48.7922 
248 45  -3.72816e-12 
249 44.0027  50.4259 
250 32.5886  57.3485 
251 44.4403  48.7638 
252 40.7078  51.6741 
253 41.8218  54.2868 
254 35.6501  57.9887 
255 43.1276  53.7092 
256 38.2398  55.525 
257 34.0889  37.6408 
258 38.4074  54.2409 
259 45.0581  49.3506 
260 43.2435  54.4201 
261 42.0457  46.4752 
262 46.1364  50.2102 
263 49.2768  49.3672 
264 41.7545  50.1152 
265 35.5977  60.6911 
266 46.1377  49.8106 
267 37.7018  52.4806 
268 45.2225  49.56 
269 35.642  60.6624 
270 44.001  49.0104 
271 27.6722  54.4166 
272 40.6753  52.1421 
273 28.8983  41.217 
274 44.7178  48.741 
275 28.8983  41.217 
276 43.7992  50.8388 
277 42.9755  49.2164 
278 36.6319  39.9543 
279 36.7097  57.8964 
280 33.5324  55.0197 
281 43.3948  52.2956 
282 44.0679  48.907 
283 44.5574  49.3866 
284 38.6481  43.104 
285 45.0207  49.9413 
286 38.7079  44.1344 
287 44.5942  49.984 
288 45.625  50.8719 
289 33.8515  48.7889 
290 42.6583  51.4784 
291 44.8212  51.2111 
292 45.6187  50.9703 
293 44.555  49.804 
294 40.8799  52.3992 
295 46.3923  45.9272 
296 45.4803  49.4399 
297 45.3493  49.2923 
298 45.0804  49.5403 
299 39.2473  53.898 
300 36.6116  56.4985 
301 46.0543  49.1516 
302 32.5723  52.8467 
303 39.2533  25.0951 
304 38.9514  51.0406 
305 41.2629  49.9205 
306 41.2895  40.7415 
307 37.2111  53.0578 
308 40.5998  34.9674 
309 39.2186  43.5488 
310 42.6603  51.8959 
311 46.7248  50.3721 
312 47.8849  49.0637 
313 48.3354  49.6595 
314 45.4181  50.7146 
315 47.4609  50.0271 
316 47.9027  49.8573 
317 40.918  50.6782 
318 38.7415  39.5848 
319 47.6296  50.1563 
320 40.7981  52.3544 
321 35.3629  61.6867 
322 47.823  50.0208 
323 48.3004  49.7061 
324 48.4694  49.3743 
325 47.8411  49.8137 
326 48.5445  49.5209 
327 48.4618  49.8853 
328 47.913  49.7963 
329 48.6645  49.2601 
330 48.3312  49.4595 
331 49.0391  49.2837 
332 48.0173  49.6944 
333 47.9918  49.7209 
334 48.007  49.7147 
335 47.9787  49.7245 
336 47.5001  49.9952 
337 48.0565  49.6921 
338 47.6121  50.0292 
339 47.9484  49.7426 
340 48.2464  49.6047 
341 48.6093  49.3469 
342 49.1055  49.3339 
343 48.4171  49.6635 
344 47.9819  49.7236 
345 42.0407  51.8271 
346 48.9261  49.4 
347 49.0825  49.4696 
348 44.6892  50.2656 
349 45.8265  49.5047 
350 48.7121  49.6992 
351 38.3386  47.97 
352 48.7334  49.3284 
353 48.9408  49.4159 
354 47.6296  50.1563 
355 47.3376  48.8434 
356 48.9634  49.7698 
357 47.9603  50.0009 
358 47.9768  50.0015 
359 42.8732  50.7504 
360 49.1305  49.6399 
361 49.1861  49.462 
362 48.9713  49.388 
363 49.0532  49.7913 
364 49.2424  49.6036 
365 47.6121  50.0292 
366 48.8836  49.3489 
367 48.5291  49.8698 
368 48.3756  49.9052 
369 49.0713  49.5024 
370 48.5725  49.8598 
371 48.5204  49.8718 
372 48.5699  49.8604 
373 48.8974  49.4054 
374 48.4927  49.8782 
375 49.5652  49.6713 
376 49.6212  49.5602 
377 50.2551  49.5102 
378 50.6069  49.499 
379 50.4631  49.5451 
380 50.3645  49.5072 
381 50.4549  49.549 
382 50.4307  49.5605 
383 50.5818  49.5078 
384 50.6231  49.4934 
385 50.206  49.4969 
386 50.2396  49.7204 
387 50.6158  49.4959 
388 50.3667  49.5624 
389 60.5171  48.9622 
390 51.2899  48.1314 
391 50.4189  49.3658 
392 50.3611  49.369 
393 50.4411  49.3719 
394 69.2668  44.0018 
395 50.4322  49.3236 
396 56.7198  50.0369 
397 50.5214  49.2546 
398 50.5828  49.2214 
399 51.8717  49.4137 
400 50.5984  49.4112 
401 50.6037  49.4525 
402 67.5673  48.1907 
403 62.6993  48.3113 
404 59.648  49.0387 
405 50.716  49.1226 
406 50.7772  49.082 
407 62.9205  44.076 
408 54.1098  49.2739 
409 50.6652  49.1473 
410 50.6739  49.1519 
411 50.7454  49.0744 
412 50.6641  49.1511 
413 50.77  49.9831 
414 50.7942  49.048 
415 50.8528  48.9817 
416 50.8006  49.0141 
417 50.817  49.0132 
418 50.948  49.0528 
419 63.8312  44.1628 
420 50.8176  48.9983 
421 50.8798  48.9622 
422 50.867  48.9742 
423 50.856  48.9693 
424 50.8648  48.9543 
425 50.8667  48.9479 
426 50.8749  48.9401 
427 50.8291  48.9882 
428 65.3855  37.1164 
429 53.2145  49.3298 
430 58.3426  41.817 
431 61.5206  48.9858 
432 70.9089  40.2652 
433 51.1951  48.9324 
434 68.1418  42.2829 
435 77.8434  39.8347 
436 50.8114  48.9879 
437 62.768  48.9314 
438 50.9755  48.8266 
439 51.638  49.1573 
440 59.6105  47.7076 
441 51.1482  49.1072 
442 62.5955  42.632 
443 51.9861  48.8896 
444 66.614  38.9186 
445 60.4682  49.1418 
446 64  100 
447 60.4971  42.2543 
448 53.0902  48.4753 
449 60.3984  49.1571 
450 68.5786  35.7004 
451 67.5211  38.0712 
452 60.6547  49.1196 
453 61.5253  47.8763 
454 59.184  49.1479 
455 60.2829  49.1779 
456 51.366  48.3923 
457 64.3022  35.0908 
458 67.2716  38.2992 
459 55.005  49.218 
460 66.554  39.2217 
461 62.0234  41.0604 
462 58.4437  44.6596 
463 60.9097  48.5331 
464 61.4361  48.9489 
465 53.3453  47.7625 
466 69.6378  38.4455 
467 60.771  48.5053 
468 56.3662  49.2439 
469 56.3227  49.2401 
470 56.3106  49.2389 
471 67.6521  38.6714 
472 55.7791  49.1909 
473 54.1632  48.4158 
474 59.1831  47.29 
475 55.5738  49.1612 
476 55.8781  49.171 
477 55.8858  49.1713 
478 55.9147  49.1722 
479 58.5188  49.4339 
480 58.494  48.5393 
481 66.6306  38.82 
482 58.9753  49.2679 
483 64.7722  38.4311 
484 56.2038  49.2099 
485 57.9098  43.9068 
486 56.1778  48.0297 
487 56.1233  48.0361 
488 56.1081  48.0377 
489 58.3191  49.5037 
490 56.0276  49.1821 
491 58.4595  49.4526 
492 55.4409  48.1153 
493 54.6013  48.961 
494 58.3051  49.508 
495 59.199  43.3858 
496 55.2365  48.1087 
497 55.7052  48.0048 
498 55.7169  48.0024 
499 55.7615  47.9924 
500 61.165  47.8642 
501 59.2067  48.4579 
502 58.9379  49.5976 
503 60.1166  49.1905 
504 56.0475  48.0056 
505 59.0307  48.4398 
506 67.7577  38.89 
507 59.6611  49.3016 
508 55.8841  47.9918 
509 66.628  38.8603 
510 54.5717  47.8682 
511 58.461  43.2397 
512 66.7954  42.8801 
513 66.6383  38.3578 
514 56.1212  49.1757 
515 63.4041  32.1325 
516 65.5966  48.7927 
517 67.2393  43.1842 
518 63.8128  40.0674 
519 70.6358  53.3546 
520 65.4555  39.8833 
521 67.3581  47.8529 
522 56.6212  48.7455 
523 61.8028  45.9567 
524 56.0333  47.9619 
525 60.3132  46.9655 
526 60.7204  47.8527 
527 61.9095  41.6333 
528 63.4395  48.9269 
529 68.7115  39.0586 
530 67.5673  48.1907 
531 63.8288  48.8307 
532 60.6839  42.4191 
533 60.4677  49.1347 
534 56.5728  49.2412 
535 68.8339  33.0525 
536 63.9777  48.8214 
537 60.5298  47.8335 
538 68.0333  34.348 
539 65.0781  30.5173 
540 61.0763  49.1788 
541 60.0892  49.2646 
542 66.3692  38.2381 
543 64.6786  42.5373 
544 66.6569  40.6285 
545 56.5364  47.9325 
546 66.6695  39.7246 
547 60.7834  47.9789 
548 62.6993  48.3113 
549 57.4184  49.3652 
550 65.4885  36.5886 
551 56.1603  49.1651 
552 66.2643  39.1901 
553 68.3044  39.8388 
554 60.5631  47.9566 
555 59.2021  16.0662 
556 57.5873  49.3849 
557 66.9159  39.046 
558 61.3423  47.7783 
559 66.912  39.0322 
560 68.7405  39.1024 
561 67.0264  38.926 
562 57.4005  47.9403 
563 67.3312  39.0877 
564 61.1168  47.7546 
565 57.59  47.9314 
566 65.1551  39.3128 
567 67.2901  38.2294 
568 66.8777  38.9144 
569 67.6607  38.7046 
570 68.2153  38.9211 
571 67.3323  38.5162 
572 66.695  38.4249 
573 66.9904  38.6586 
574 68.0182  38.967 
575 62.1853  40.1018 
576 64.305  48.7597 
577 67.2296  38.8244 
578 67.7323  38.8126 
579 63.1342  40.8311 
580 67.3809  38.9874 
581 63.8089  42.5063 
582 67.0568  38.6363 
583 67.3938  38.2895 
584 66.6154  38.9539 
585 66.9287  39.0518 
586 58.6178  46.9516 
587 67.5562  36.4571 
588 66.9641  39.344 
589 59.6399  46.5553 
590 66.2967  39.1449 
591 61.1276  42.5867 
592 61.3934  48.9933 
593 66.82  37.433 
594 62.1123  48.0938 
595 67.079  38.438 
596 67.5454  38.3813 
597 67.7577  38.89 
598 67.3819  46.0151 
599 61.1893  48.1312 
600 60.5095  49.1732 
601 83.1099  74.7378 
602 67.5545  38.6564 
603 67.5762  37.8304 
604 67.9037  37.2563 
605 67.3874  38.6367 
606 66.3322  37.8619 
607 68.7754  43.2259 
608 62.6681  47.678 
609 66.2402  33.0001 
610 82  -1.93453e-12 
611 68.7079  42.6141 
612 62.4257  47.6452 
613 67.6083  39.6506 
614 68.3311  36.8616 
615 68.0597  38.958 
616 68.2504  37.6594 
617 68.2155  38.34 
618 66.9481  39.8639 
619 67.9697  38.7923 
620 71.4209  50.8753 
621 67.8114  38.375 
622 65.6114  39.373 
623 68.7835  36.9167 
624 59.3814  46.3666 
625 73.0796  51.6544 
626 69.1425  40.5019 
627 67.66  31.8591 
628 67.8483  40.5189 
629 64.7645  35.9646 
630 60.9284  48.6566 
631 67.01  34.4795 
632 63.0181  48.314 
633 69.6342  37.5369 
634 69.1677  39.6205 
635 68.8334  38.3611 
636 61.224  48.3276 
637 62.5946  48.2578 
638 69.0766  39.3649 
639 68.3026  38.2101 
640 63.6883  48.1701 
641 69.1935  38.9232 
642 63.0361  48.178 
643 63.7492  48.3219 
644 60.7946  49.1499 
645 63.0779  48.3295 
646 69.4843  38.6593 
647 68.6521  29.8334 
648 69.9721  32.7438 
649 65.9375  48.992 
650 66.1735  36.9558 
651 62.2375  46.885 
652 67.9044  30.7278 
653 62.192  46.8042 
654 70.1814  34.682 
655 69.2039  35.5485 
656 69.0766  31.9582 
657 67.0328  40.5099 
658 69.9645  39.9726 
659 71.1351  39.2614 
660 69.7546  41.0933 
661 69.8342  42.2677 
662 71.9605  48.5781 
663 66.4518  48.011 
664 69.7836  45.7371 
665 69.8257  45.3895 
666 70.4699  29.4565 
667 71.0326  37.2799 
668 73.6759  38.2476 
669 66.2407  48.8909 
670 67.7765  48.5284 
671 71.0638  37.3525 
672 76.161  75.9313 
673 74.6762  39.2747 
674 72.0158  33.8327 
675 64.3823  17.9823 
676 65.505  17.2397 
677 65.9035  48.588 
678 69.2128  47.147 
679 70.0593  31.7003 
680 76.427  60.2929 
681 62.0071  48.1033 
682 73.5931  45.4409 
683 72.674  45.0086 
684 67.3429  50.1465 
685 67.893  49.9596 
686 72.5538  41.0179 
687 72.8095  37.4818 
688 72.8628  40.6384 
689 72.9048  39.3455 
690 70.3277  36.6721 
691 65.9629  50.5881 
692 68.1413  49.1103 
693 68.5255  48.9836 
694 78.7027  46.05 
695 66.039  47.3801 
696 67.1201  46.9798 
697 66.4352  47.7906 
698 68.5966  48.6958 
699 68.6179  48.6472 
700 68.8164  49.799 
701 68.8176  49.7481 
702 68.9117  49.0553 
703 68.8901  49.0108 
704 67.5926  20.0509 
705 67.5278  47.763 
706 72.8543  49.3764 
707 71.1083  41.4216 
708 75.3429  29.6466 
709 69.0697  46.3825 
710 79.8515  62.7269 
711 75.5371  42.9753 
712 75.0069  40.7427 
713 75.7126  40.2251 
714 75.2184  32.2236 
715 71.8901  45.4403 
716 72.8579  54.6262 
717 74.0109  51.0846 
718 77.7519  41.7308 
719 74.11  49.151 
720 72.7406  49.0534 
721 75.7474  47.974 
722 81.0106  40.3947 
723 75.7792  47.5769 
724 77.2173  42.0504 
725 74.4641  46.7921 
726 77.34  47.7425 
727 79.1215  43.6864 
728 78.3057  19.6865 
729 81.463  44.178 
730 81.4958  32.7132 
731 81.5121  39.5128 
732 81.4709  44.5231 
733 81.1273  41.8895 
734 80.1019  17.7743 
735 80.6063  42.6905 
736 81.6245  50.4 
737 82.896  59.6794 
738 83.0903  56.5073 
739 83.1069  52.6284 
740 67.1907  49.5649 
741 83.4352  39.8528 
742 83.2427  41.9614 
743 85.0907  21.841 
744 83.5164  38.255 
745 85.1638  18.3361 
746 85.3774  29.3587 
747 83.8619  53.2614 
748 85.4101  58.2099 
749 75.1778  46.5973 
750 90.9094  36.6071 
751 90.9526  75.8754 
752 90.9135  56.0178 
