376 902
1 4 402 377 403 389 
2 4 271 269 267 273 
3 5 252 258 253 260 261 
4 5 376 387 392 403 394 
5 5 252 260 253 262 263 
6 5 252 262 253 264 265 
7 5 252 264 253 266 267 
8 5 252 268 253 270 271 
9 4 389 391 392 393 
10 4 376 377 378 379 
11 5 252 266 253 268 269 
12 5 252 255 253 256 257 
13 4 586 570 591 600 
14 2 318 342 
15 3 372 402 401 
16 5 389 405 375 406 404 
17 3 393 366 391 
18 4 193 187 204 206 
19 3 374 392 406 
20 3 308 533 548 
21 3 404 368 405 
22 3 370 371 372 
23 2 276 252 
24 3 255 254 280 
25 4 252 254 253 255 
26 3 397 545 552 
27 2 516 481 
28 3 91 586 589 
29 3 366 345 368 
30 2 348 366 
31 2 19 762 
32 2 249 287 
33 5 361 364 368 369 370 
34 4 351 346 367 375 
35 4 367 345 342 374 
36 5 362 368 369 363 371 
37 2 517 504 
38 4 353 351 349 363 
39 5 341 345 342 347 348 
40 4 359 357 355 361 
41 4 354 352 350 364 
42 4 349 365 366 367 
43 5 301 505 390 506 513 
44 4 360 358 356 362 
45 5 341 347 342 349 350 
46 5 341 349 342 351 352 
47 5 341 351 342 353 354 
48 5 341 353 342 355 356 
49 5 341 357 342 359 360 
50 5 341 355 342 357 358 
51 5 341 344 342 345 346 
52 7 773 781 815 177 683 814 802 
53 2 249 276 
54 4 779 446 780 658 
55 2 606 586 
56 3 173 62 720 
57 2 365 341 
58 4 42 173 561 723 
59 4 215 216 122 217 
60 3 344 343 369 
61 5 593 572 19 605 606 
62 4 341 343 342 344 
63 2 338 376 
64 5 469 505 492 506 509 
65 4 252 240 253 254 
66 2 20 780 
67 2 338 365 
68 4 761 739 762 768 
69 3 581 582 577 
70 2 439 458 
71 4 779 510 780 677 
72 2 229 232 
73 3 588 607 585 
74 3 199 200 201 
75 4 205 201 20 200 
76 5 582 586 572 587 588 
77 2 470 465 
78 4 578 568 590 91 
79 4 607 587 585 582 
80 4 341 329 342 343 
81 4 820 646 821 822 
82 6 666 647 649 667 651 668 
83 3 238 246 249 
84 4 761 727 762 763 
85 4 779 512 780 683 
86 4 779 508 780 670 
87 2 19 471 
88 4 570 572 591 592 
89 2 318 321 
90 2 147 685 
91 2 19 494 
92 4 241 242 243 244 
93 4 241 244 243 245 
94 4 241 245 243 242 
95 4 221 560 20 561 
96 4 241 245 232 246 
97 3 327 335 338 
98 5 472 505 495 506 510 
99 4 230 237 232 238 
100 4 230 237 235 234 
101 4 230 236 235 237 
102 4 230 234 235 236 
103 3 589 608 590 
104 5 473 505 496 506 511 
105 4 761 747 762 772 
106 4 611 590 568 570 
107 4 174 71 20 178 
108 2 248 243 
109 4 779 447 780 661 
110 4 330 331 332 333 
111 4 330 333 332 334 
112 4 330 334 332 331 
113 3 608 609 590 
114 2 248 235 
115 3 610 611 590 
116 4 330 334 321 335 
117 4 230 239 232 240 
118 3 609 610 590 
119 4 174 175 20 176 
120 4 319 326 321 327 
121 4 319 326 324 323 
122 4 319 325 324 326 
123 4 319 323 324 325 
124 2 493 487 
125 5 589 567 590 566 569 
126 3 571 572 573 
127 3 578 585 575 
128 2 337 332 
129 5 568 569 570 565 571 
130 2 149 735 
131 4 587 590 574 578 
132 2 337 324 
133 4 761 729 762 764 
134 4 319 328 321 329 
135 2 760 726 
136 4 549 555 20 556 
137 6 653 647 649 654 651 655 
138 3 247 232 248 
139 7 765 781 456 177 658 814 786 
140 3 593 594 595 
141 3 556 553 555 
142 4 779 448 780 664 
143 3 33 722 686 
144 7 769 781 555 177 670 814 794 
145 5 532 515 544 555 559 
146 4 64 65 66 50 
147 5 474 505 497 506 512 
148 3 336 321 337 
149 3 565 566 567 
150 4 470 469 471 472 
151 2 177 174 
152 3 532 529 533 
153 4 685 678 686 695 
154 3 544 541 545 
155 4 595 592 601 597 
156 4 779 509 780 673 
157 4 577 578 575 579 
158 3 233 239 247 
159 3 827 221 676 
160 4 596 601 572 602 
161 4 493 492 494 495 
162 4 824 200 221 648 
163 7 682 647 71 649 683 651 684 
164 2 599 590 
165 4 573 574 575 576 
166 4 761 749 762 773 
167 2 19 821 
168 5 687 734 513 735 725 
169 3 322 328 336 
170 4 724 725 726 727 
171 4 470 472 471 473 
172 2 481 476 
173 4 241 231 232 239 
174 4 761 731 762 765 
175 2 504 499 
176 4 761 741 762 769 
177 4 685 652 686 687 
178 4 493 495 494 496 
179 2 786 787 
180 4 230 231 232 233 
181 4 724 738 726 739 
182 4 470 473 471 474 
183 4 724 728 726 729 
184 4 685 681 686 696 
185 4 724 746 726 747 
186 4 330 320 321 328 
187 5 688 734 727 735 728 
188 4 493 496 494 497 
189 4 319 320 321 322 
190 4 761 733 762 766 
191 5 697 734 747 735 748 
192 4 724 740 726 741 
193 5 695 734 743 735 744 
194 4 685 668 686 692 
195 5 693 734 739 735 740 
196 4 724 730 726 731 
197 4 724 748 726 749 
198 4 685 655 686 688 
199 7 766 781 455 177 661 814 788 
200 4 596 597 598 599 
201 4 724 744 726 745 
202 5 696 734 745 735 746 
203 3 815 221 67 
204 5 692 734 737 735 738 
205 5 724 758 726 565 759 
206 4 724 742 726 743 
207 5 689 734 729 735 730 
208 4 724 732 726 733 
209 4 724 736 726 737 
210 4 530 479 480 531 
211 4 685 684 686 697 
212 4 820 653 821 823 
213 4 542 502 503 543 
214 4 761 737 762 767 
215 4 761 759 762 778 
216 3 576 579 580 
217 4 761 743 762 770 
218 2 476 470 
219 5 690 734 731 735 732 
220 5 694 734 741 735 742 
221 2 735 734 
222 3 722 723 714 
223 2 499 493 
224 2 575 583 
225 3 36 419 222 
226 5 691 734 733 735 736 
227 4 761 745 762 771 
228 4 685 671 686 693 
229 4 724 750 726 751 
230 4 761 751 762 774 
231 3 555 207 834 
232 4 470 474 471 475 
233 6 669 647 649 670 651 671 
234 2 163 165 
235 3 555 206 850 
236 4 493 497 494 498 
237 4 724 756 726 757 
238 4 685 659 686 689 
239 4 724 754 726 755 
240 4 761 755 762 776 
241 5 715 734 749 735 750 
242 4 761 757 762 777 
243 4 724 752 726 753 
244 3 20 564 562 
245 4 685 662 686 690 
246 7 767 781 454 177 664 814 790 
247 4 685 674 686 694 
248 7 778 781 69 177 68 814 812 
249 5 12 563 19 195 564 
250 3 834 835 836 
251 7 656 647 657 649 658 651 659 
252 5 719 734 757 735 758 
253 7 774 781 64 177 815 814 804 
254 4 476 479 471 480 
255 7 770 781 625 177 673 814 796 
256 4 476 478 471 479 
257 4 685 665 686 691 
258 3 850 821 835 
259 5 716 734 751 735 752 
260 4 499 502 494 503 
261 4 499 501 494 502 
262 5 718 734 755 735 756 
263 4 761 753 762 775 
264 4 476 475 471 477 
265 5 717 734 753 735 754 
266 4 499 498 494 500 
267 4 476 477 471 478 
268 3 580 583 584 
269 4 499 500 494 501 
270 4 836 822 816 616 
271 4 820 656 821 824 
272 3 825 221 657 
273 2 515 506 
274 7 660 647 67 649 661 651 662 
275 4 475 477 478 530 
276 4 820 669 821 826 
277 4 498 500 501 542 
278 7 776 781 178 177 201 814 808 
279 7 771 781 616 177 677 814 798 
280 6 672 647 649 673 651 674 
281 7 777 781 176 177 555 814 810 
282 4 839 823 816 625 
283 4 820 666 821 632 
284 3 851 821 838 
285 3 837 838 839 
286 3 12 593 596 
287 4 596 580 598 603 
288 3 515 207 837 
289 3 515 206 851 
290 4 820 672 821 827 
291 5 45 826 821 635 634 
292 3 720 647 700 
293 4 528 525 527 529 
294 4 540 538 539 541 
295 4 685 701 714 715 
296 4 222 223 33 219 
297 2 216 816 
298 7 663 647 561 649 664 651 665 
299 2 804 805 
300 2 796 797 
301 4 596 584 598 604 
302 2 555 515 
303 4 820 660 821 815 
304 3 222 562 563 
305 2 44 64 
306 4 42 615 616 617 
307 4 42 624 625 626 
308 3 479 524 525 
309 3 502 524 538 
310 4 685 713 714 719 
311 4 685 704 714 716 
312 4 685 710 714 718 
313 4 685 707 714 717 
314 7 775 781 816 177 64 814 806 
315 3 618 620 231 
316 4 519 521 523 528 
317 4 535 536 537 540 
318 3 558 633 899 
319 3 480 526 527 
320 3 503 526 539 
321 3 627 629 320 
322 3 475 518 519 
323 3 498 518 535 
324 3 478 522 523 
325 3 501 522 537 
326 3 477 520 521 
327 3 500 520 536 
328 2 788 789 
329 4 619 44 603 620 
330 5 558 515 19 615 624 
331 3 634 633 44 
332 4 820 663 821 825 
333 4 628 44 603 629 
334 2 222 558 
335 2 821 830 
336 4 625 635 633 641 
337 4 616 635 633 636 
338 5 698 647 699 700 701 
339 2 628 619 
340 4 614 617 64 618 
341 3 522 524 844 
342 3 820 830 849 
343 3 518 520 843 
344 4 623 626 64 627 
345 3 843 844 845 
346 4 848 842 849 216 
347 4 641 624 603 642 
348 4 636 615 603 637 
349 4 641 624 604 643 
350 4 636 615 604 638 
351 3 845 847 848 
352 2 790 791 
353 5 708 647 709 700 710 
354 5 702 647 703 700 704 
355 5 705 647 706 700 707 
356 5 711 647 712 700 713 
357 3 820 846 828 
358 2 798 799 
359 3 526 846 847 
360 5 828 829 830 518 699 
361 5 828 833 830 524 709 
362 5 828 832 830 522 706 
363 5 828 831 830 520 703 
364 2 812 813 
365 5 630 631 632 633 628 
366 5 828 840 830 526 712 
367 2 808 809 
368 2 810 811 
369 2 806 807 
370 3 637 615 639 
371 3 642 624 644 
372 3 638 615 640 
373 3 643 624 645 
374 3 630 841 842 
375 3 612 613 614 
376 3 621 622 623 
238
1 787 55 0
2 656 64 0
3 789 73 0
4 660 82 0
5 791 91 0
6 663 100 0
7 669 55 0
8 797 64 0
9 672 73 0
10 165 82 0
11 799 91 0
12 682 55 0
13 805 64 0
14 698 73 0
15 807 100 0
16 702 100 0
17 809 100 9
18 705 100 27
19 811 100 36
20 708 100 45
21 813 100 55
22 711 100 64
23 829 100 73
24 831 100 82
25 832 100 91
26 833 100 100
27 840 100 27
28 846 100 36
29 12 100 45
30 645 100 55
31 644 100 64
32 515 100 73
33 640 100 82
34 639 100 0
35 633 100 18
36 630 100 27
37 841 100 36
38 631 100 45
39 622 100 55
40 621 100 64
41 613 100 73
42 612 100 100
43 222 100 100
44 223 73 100
45 439 64 100
46 440 55 100
47 901 82 100
48 854 73 100
49 856 64 100
50 858 55 100
51 864 100 100
52 866 91 100
53 868 82 100
54 870 73 100
55 872 64 100
56 874 55 100
57 162 50 5.51719
58 61 50 59.7972
59 162 50 16.5516
60 70 50 62.773
61 801 50 17.2649
62 780 50 49.5062
63 530 50 38.9254
64 542 50 38.9287
65 61 50 52.4315
66 819 50 42.9802
67 418 50 63.7099
68 418 50 64.2485
69 174 50 54.7751
70 18 50 52.0444
71 192 50 64.1539
72 172 50 53.1137
73 32 50 56.1374
74 453 50 63.2131
75 418 50 64.9499
76 61 50 54.671
77 760 50 47.3083
78 41 50 51.2258
79 32 50 59.1708
80 35 50 57.5778
81 186 50 63.3722
82 176 50 41.4897
83 32 50 62.0751
84 32 50 62.3708
85 61 50 49.809
86 418 50 65.5046
87 35 50 58.9643
88 32 50 56.864
89 44 50 52.6121
90 44 50 55.1926
91 70 50 53.1865
92 646 50 29.4942
93 445 50 48.6506
94 35 50 56.5034
95 418 50 66.1639
96 32 50 55.9328
97 813 50 50.5263
98 19 50 50.5883
99 61 50 49.1365
100 176 50 41.2769
101 32 50 61.4398
102 454 50 63.3081
103 18 50 55.3031
104 186 50 64.3694
105 35 50 59.0073
106 172 50 52.0116
107 18 50 50.9434
108 32 50 60.2404
109 67 50 60.058
110 438 50 71.3084
111 464 50 48.4581
112 18 50 50.3148
113 418 50 56.9686
114 418 50 57.8011
115 418 50 57.6456
116 176 50 54.7964
117 32 50 61.1365
118 176 50 35.6623
119 32 50 59.8256
120 214 50 57.3494
121 32 50 57.228
122 32 50 56.1389
123 90 50 52.6249
124 18 50 53.1726
125 220 50 48.6642
126 18 50 53.3573
127 418 50 56.4748
128 418 50 56.3057
129 418 50 57.0229
130 510 50 53.6816
131 723 50 48.7638
132 121 50 54.2215
133 464 50 49.2397
134 455 50 63.0654
135 464 50 49.1679
136 464 50 49.0635
137 793 50 18.5364
138 18 50 50.8847
139 509 50 53.8931
140 300 50 48.8173
141 507 50 54.7999
142 64 50 53.8389
143 571 50 52.7055
144 64 50 53.8256
145 68 50 54.1777
146 176 50 41.0133
147 19 50 53.8219
148 49 50 53.7468
149 240 50 47.683
150 18 50 50.9319
151 229 50 47.7441
152 508 50 54.5793
153 192 50 55.6931
154 18 50 50.7761
155 90 50 48.6841
156 486 50 49.6196
157 192 50 55.9501
158 504 50 49.9396
159 41 50 51.0367
160 547 50 50.1817
161 329 50 46.8694
162 464 50 49.0293
163 318 50 46.9429
164 551 50 50.1334
165 504 50 49.781
166 61 50 42.4594
167 67 50 57.0103
168 590 50 52.3084
169 480 50 51.5048
170 504 50 49.6939
171 778 50 45.2031
172 446 50 50.142
173 666 50 44.8794
174 307 50 50.7395
175 447 50 50.1395
176 504 50 50.9133
177 504 50 51.0134
178 486 50 49.7759
179 548 50 51.1469
180 18 50 48.3201
181 486 50 49.663
182 389 50 49.3354
183 486 50 49.6151
184 67 50 57.4254
185 511 50 51.6013
186 504 50 49.488
187 584 50 50.9609
188 646 50 28.4993
189 41 50 51.4084
190 218 50 64.1137
191 510 50 42.8964
192 172 50 51.0188
193 645 50 34.2713
194 653 50 45.1273
195 480 50 50.3754
196 228 50 49.4314
197 228 50 50.1037
198 503 50 50.3185
199 307 50 49.9311
200 11 50 47.6018
201 650 50 40.9859
202 19 50 50.1557
203 192 50 57.6844
204 317 50 49.9061
205 286 50 49.9747
206 228 50 49.8381
207 515 50 50.2659
208 393 50 49.7641
209 286 50 49.8728
210 286 50 49.9661
211 19 50 50.0779
212 504 50 49.8712
213 486 50 49.5686
214 778 50 47.7115
215 255 50 49.6749
216 369 50 49.7999
217 317 50 49.2839
218 377 50 49.8252
219 378 50 50.1233
220 393 50 49.7132
221 65 50 50.0505
222 279 50 49.7525
223 256 50 49.6976
224 252 50 49.7024
225 375 50 49.7488
226 272 50 49.7302
227 392 50 49.5779
228 251 50 49.6679
229 377 50 49.7734
230 378 50 49.7996
231 259 50 49.703
232 377 50 49.7627
233 376 50 49.7583
234 377 50 49.7548
235 259 50 49.6409
236 386 50 49.7355
237 265 50 49.7136
238 260 50 49.695
