1 50.2551 49.5102 
2 50.6069 49.499 
3 50.4631 49.5451 
4 50.3645 49.5072 
5 50.4549 49.549 
6 50.4307 49.5605 
7 50.5818 49.5078 
8 50.6231 49.4934 
9 50.206 49.4969 
10 50.2396 49.7204 
11 50.6158 49.4959 
12 50.3667 49.5624 
13 60.5171 48.9622 
14 51.2899 48.1314 
15 50.4189 49.3658 
16 50.3611 49.369 
17 50.4411 49.3719 
18 69.2668 44.0018 
19 50.4322 49.3236 
20 56.7198 50.0369 
21 50.5214 49.2546 
22 50.5828 49.2214 
23 51.8717 49.4137 
24 50.5984 49.4112 
25 50.6037 49.4525 
26 67.5673 48.1907 
27 62.6993 48.3113 
28 59.648 49.0387 
29 50.716 49.1226 
30 50.7772 49.082 
31 62.9205 44.076 
32 54.1098 49.2739 
33 50.6652 49.1473 
34 50.6739 49.1519 
35 50.7454 49.0744 
36 50.6641 49.1511 
37 50.77 49.9831 
38 50.7942 49.048 
39 50.8528 48.9817 
40 50.8006 49.0141 
41 50.817 49.0132 
42 50.948 49.0528 
43 63.8312 44.1628 
44 50.8176 48.9983 
45 50.8798 48.9622 
46 50.867 48.9742 
47 50.856 48.9693 
48 50.8648 48.9543 
49 50.8667 48.9479 
50 50.8749 48.9401 
51 50.8291 48.9882 
52 65.3855 37.1164 
53 53.2145 49.3298 
54 58.3426 41.817 
55 61.5206 48.9858 
56 70.9089 40.2652 
57 51.1951 48.9324 
58 68.1418 42.2829 
59 77.8434 39.8347 
60 50.8114 48.9879 
61 62.768 48.9314 
62 50.9755 48.8266 
63 51.638 49.1573 
64 59.6105 47.7076 
65 51.1482 49.1072 
66 62.5955 42.632 
67 51.9861 48.8896 
68 66.614 38.9186 
69 60.4682 49.1418 
70 64 100 
71 60.4971 42.2543 
72 53.0902 48.4753 
73 60.3984 49.1571 
74 68.5786 35.7004 
75 67.5211 38.0712 
76 60.6547 49.1196 
77 61.5253 47.8763 
78 59.184 49.1479 
79 60.2829 49.1779 
80 51.366 48.3923 
81 64.3022 35.0908 
82 67.2716 38.2992 
83 55.005 49.218 
84 66.554 39.2217 
85 62.0234 41.0604 
86 58.4437 44.6596 
87 60.9097 48.5331 
88 61.4361 48.9489 
89 53.3453 47.7625 
90 69.6378 38.4455 
91 60.771 48.5053 
92 56.3662 49.2439 
93 56.3227 49.2401 
94 56.3106 49.2389 
95 67.6521 38.6714 
96 55.7791 49.1909 
97 54.1632 48.4158 
98 59.1831 47.29 
99 55.5738 49.1612 
100 55.8781 49.171 
101 55.8858 49.1713 
102 55.9147 49.1722 
103 58.5188 49.4339 
104 58.494 48.5393 
105 66.6306 38.82 
106 58.9753 49.2679 
107 64.7722 38.4311 
108 56.2038 49.2099 
109 57.9098 43.9068 
110 56.1778 48.0297 
111 56.1233 48.0361 
112 56.1081 48.0377 
113 58.3191 49.5037 
114 56.0276 49.1821 
115 58.4595 49.4526 
116 55.4409 48.1153 
117 54.6013 48.961 
118 58.3051 49.508 
119 59.199 43.3858 
120 55.2365 48.1087 
121 55.7052 48.0048 
122 55.7169 48.0024 
123 55.7615 47.9924 
124 61.165 47.8642 
125 59.2067 48.4579 
126 58.9379 49.5976 
127 60.1166 49.1905 
128 56.0475 48.0056 
129 59.0307 48.4398 
130 67.7577 38.89 
131 59.6611 49.3016 
132 55.8841 47.9918 
133 66.628 38.8603 
134 54.5717 47.8682 
135 58.461 43.2397 
136 66.7954 42.8801 
137 66.6383 38.3578 
138 56.1212 49.1757 
139 63.4041 32.1325 
140 65.5966 48.7927 
141 67.2393 43.1842 
142 63.8128 40.0674 
143 70.6358 53.3546 
144 65.4555 39.8833 
145 67.3581 47.8529 
146 56.6212 48.7455 
147 61.8028 45.9567 
148 56.0333 47.9619 
149 60.3132 46.9655 
150 60.7204 47.8527 
151 61.9095 41.6333 
152 63.4395 48.9269 
153 68.7115 39.0586 
154 67.5673 48.1907 
155 63.8288 48.8307 
156 60.6839 42.4191 
157 60.4677 49.1347 
158 56.5728 49.2412 
159 68.8339 33.0525 
160 63.9777 48.8214 
161 60.5298 47.8335 
162 68.0333 34.348 
163 65.0781 30.5173 
164 61.0763 49.1788 
165 60.0892 49.2646 
166 66.3692 38.2381 
167 64.6786 42.5373 
168 66.6569 40.6285 
169 56.5364 47.9325 
170 66.6695 39.7246 
171 60.7834 47.9789 
172 62.6993 48.3113 
173 57.4184 49.3652 
174 65.4885 36.5886 
175 56.1603 49.1651 
176 66.2643 39.1901 
177 68.3044 39.8388 
178 60.5631 47.9566 
179 59.2021 16.0662 
180 57.5873 49.3849 
181 66.9159 39.046 
182 61.3423 47.7783 
183 66.912 39.0322 
184 68.7405 39.1024 
185 67.0264 38.926 
186 57.4005 47.9403 
187 67.3312 39.0877 
188 61.1168 47.7546 
189 57.59 47.9314 
190 65.1551 39.3128 
191 67.2901 38.2294 
192 66.8777 38.9144 
193 67.6607 38.7046 
194 68.2153 38.9211 
195 67.3323 38.5162 
196 66.695 38.4249 
197 66.9904 38.6586 
198 68.0182 38.967 
199 62.1853 40.1018 
200 64.305 48.7597 
201 67.2296 38.8244 
202 67.7323 38.8126 
203 63.1342 40.8311 
204 67.3809 38.9874 
205 63.8089 42.5063 
206 67.0568 38.6363 
207 67.3938 38.2895 
208 66.6154 38.9539 
209 66.9287 39.0518 
210 58.6178 46.9516 
211 67.5562 36.4571 
212 66.9641 39.344 
213 59.6399 46.5553 
214 66.2967 39.1449 
215 61.1276 42.5867 
216 61.3934 48.9933 
217 66.82 37.433 
218 62.1123 48.0938 
219 67.079 38.438 
220 67.5454 38.3813 
221 67.7577 38.89 
222 67.3819 46.0151 
223 61.1893 48.1312 
224 60.5095 49.1732 
225 83.1099 74.7378 
226 67.5545 38.6564 
227 67.5762 37.8304 
228 67.9037 37.2563 
229 67.3874 38.6367 
230 66.3322 37.8619 
231 68.7754 43.2259 
232 62.6681 47.678 
233 66.2402 33.0001 
234 82 -1.93453e-12 
235 68.7079 42.6141 
236 62.4257 47.6452 
237 67.6083 39.6506 
238 68.3311 36.8616 
239 68.0597 38.958 
240 68.2504 37.6594 
241 68.2155 38.34 
242 66.9481 39.8639 
243 67.9697 38.7923 
244 71.4209 50.8753 
245 67.8114 38.375 
246 65.6114 39.373 
247 68.7835 36.9167 
248 59.3814 46.3666 
249 73.0796 51.6544 
250 69.1425 40.5019 
251 67.66 31.8591 
252 67.8483 40.5189 
253 64.7645 35.9646 
254 60.9284 48.6566 
255 67.01 34.4795 
256 63.0181 48.314 
257 69.6342 37.5369 
258 69.1677 39.6205 
259 68.8334 38.3611 
260 61.224 48.3276 
261 62.5946 48.2578 
262 69.0766 39.3649 
263 68.3026 38.2101 
264 63.6883 48.1701 
265 69.1935 38.9232 
266 63.0361 48.178 
267 63.7492 48.3219 
268 60.7946 49.1499 
269 63.0779 48.3295 
270 69.4843 38.6593 
271 68.6521 29.8334 
272 69.9721 32.7438 
273 65.9375 48.992 
274 66.1735 36.9558 
275 62.2375 46.885 
276 67.9044 30.7278 
277 62.192 46.8042 
278 70.1814 34.682 
279 69.2039 35.5485 
280 69.0766 31.9582 
281 67.0328 40.5099 
282 69.9645 39.9726 
283 71.1351 39.2614 
284 69.7546 41.0933 
285 69.8342 42.2677 
286 71.9605 48.5781 
287 66.4518 48.011 
288 69.7836 45.7371 
289 69.8257 45.3895 
290 70.4699 29.4565 
291 71.0326 37.2799 
292 73.6759 38.2476 
293 66.2407 48.8909 
294 67.7765 48.5284 
295 71.0638 37.3525 
296 76.161 75.9313 
297 74.6762 39.2747 
298 72.0158 33.8327 
299 64.3823 17.9823 
300 65.505 17.2397 
301 65.9035 48.588 
302 69.2128 47.147 
303 70.0593 31.7003 
304 76.427 60.2929 
305 62.0071 48.1033 
306 73.5931 45.4409 
307 72.674 45.0086 
308 67.3429 50.1465 
309 67.893 49.9596 
310 72.5538 41.0179 
311 72.8095 37.4818 
312 72.8628 40.6384 
313 72.9048 39.3455 
314 70.3277 36.6721 
315 65.9629 50.5881 
316 68.1413 49.1103 
317 68.5255 48.9836 
318 78.7027 46.05 
319 66.039 47.3801 
320 67.1201 46.9798 
321 66.4352 47.7906 
322 68.5966 48.6958 
323 68.6179 48.6472 
324 68.8164 49.799 
325 68.8176 49.7481 
326 68.9117 49.0553 
327 68.8901 49.0108 
328 67.5926 20.0509 
329 67.5278 47.763 
330 72.8543 49.3764 
331 71.1083 41.4216 
332 75.3429 29.6466 
333 69.0697 46.3825 
334 79.8515 62.7269 
335 75.5371 42.9753 
336 75.0069 40.7427 
337 75.7126 40.2251 
338 75.2184 32.2236 
339 71.8901 45.4403 
340 72.8579 54.6262 
341 74.0109 51.0846 
342 77.7519 41.7308 
343 74.11 49.151 
344 72.7406 49.0534 
345 75.7474 47.974 
346 81.0106 40.3947 
347 75.7792 47.5769 
348 77.2173 42.0504 
349 74.4641 46.7921 
350 77.34 47.7425 
351 79.1215 43.6864 
352 78.3057 19.6865 
353 81.463 44.178 
354 81.4958 32.7132 
355 81.5121 39.5128 
356 81.4709 44.5231 
357 81.1273 41.8895 
358 80.1019 17.7743 
359 80.6063 42.6905 
360 81.6245 50.4 
361 82.896 59.6794 
362 83.0903 56.5073 
363 83.1069 52.6284 
364 67.1907 49.5649 
365 83.4352 39.8528 
366 83.2427 41.9614 
367 85.0907 21.841 
368 83.5164 38.255 
369 85.1638 18.3361 
370 85.3774 29.3587 
371 83.8619 53.2614 
372 85.4101 58.2099 
373 75.1778 46.5973 
374 90.9094 36.6071 
375 90.9526 75.8754 
376 90.9135 56.0178 
