1 28.848 39.5494 
2 40.6374 44.1081 
3 40.7169 43.8597 
4 26.2977 38.8302 
5 27.8908 39.4103 
6 34.086 41.6664 
7 50.6723 47.6018 
8 34.3963 53.452 
9 42.2186 52.0282 
10 45.1889 52.0444 
11 27.3598 39.2169 
12 47.0707 50.5883 
13 38.7976 61.9436 
14 44.9588 58.9615 
15 45.3105 56.3876 
16 46.6693 56.864 
17 46.9109 56.5034 
18 46.4192 58.9643 
19 46.0196 57.5778 
20 50.3103 51.4084 
21 45.9504 56.7853 
22 49.3773 53.7468 
23 45.5732 59.4649 
24 44.2586 61.3527 
25 45.3177 55.9276 
26 46.7564 55.1926 
27 46.4408 53.6893 
28 44.1705 55.975 
29 46.0215 55.6447 
30 45.7248 54.671 
31 52.9586 51.4092 
32 50.9016 50.0505 
33 45.8121 51.2258 
34 49.2205 54.1777 
35 36.5966 59.7972 
36 46.8219 53.1865 
37 45.8283 59.1708 
38 46.5211 55.2578 
39 46.7032 55.0023 
40 46.6529 55.0376 
41 46.7928 54.849 
42 46.8738 54.8036 
43 46.8842 54.7956 
44 47.1239 54.7529 
45 47.303 54.4123 
46 47.3202 54.2118 
47 48.19 52.6249 
48 46.7388 54.2056 
49 46.7896 54.9288 
50 47.1466 54.653 
51 46.7406 54.9394 
52 46.9034 55.3948 
53 48.3915 54.2969 
54 49.1234 53.8389 
55 47.1365 54.5184 
56 47.0618 53.9621 
57 47.0287 54.6017 
58 49.1919 53.8256 
59 48.8709 53.5866 
60 47.1799 54.4506 
61 46.3496 54.6232 
62 46.0846 55.8412 
63 47.1507 54.8095 
64 45.8443 55.6135 
65 42.408 57.1266 
66 47.1766 55.194 
67 47.3351 54.5224 
68 47.156 54.6303 
69 47.4797 54.3489 
70 48.7223 54.2215 
71 46.6401 55.0587 
72 47.5499 54.4594 
73 47.8753 54.2748 
74 44.9056 54.6693 
75 46.8416 54.637 
76 47.0268 54.6271 
77 47.6845 54.5739 
78 45.324 51.8802 
79 35.7754 56.2824 
80 26.2368 61.1635 
81 30.0436 55.8248 
82 22.5364 58.8873 
83 46.3976 49.809 
84 43.686 52.4315 
85 43.2181 53.4039 
86 43.0693 54.1174 
87 39.6152 54.9769 
88 31.0482 56.8829 
89 49.5681 48.6841 
90 19.2047 59.1114 
91 23.0565 59.4914 
92 18.0032 56.7376 
93 19.6967 51.6458 
94 20.6764 59.3857 
95 9.00013 59.1085 
96 9.50831 57.0703 
97 18.0134 53.4517 
98 31.0512 60.703 
99 27.9741 60.618 
100 11.5605 43.1138 
101 44.2263 52.8516 
102 23.1344 5.51719 
103 55.9344 5.51719 
104 12.1398 63.6349 
105 27.8096 49.6547 
106 30.7408 38.6203 
107 33.672 27.586 
108 36.6032 16.5516 
109 42.6853 54.8038 
110 41.9312 54.652 
111 42.1692 54.6415 
112 37.2129 56.0703 
113 45.6076 53.1137 
114 45.8143 53.8963 
115 52.2783 48.4468 
116 53.08 43.9184 
117 52.1321 46.1789 
118 45.254 56.2371 
119 46.9672 55.9328 
120 44.9923 54.7751 
121 48.057 61.8538 
122 47.7108 63.6992 
123 47.3582 64.3694 
124 46.7586 67.0178 
125 44.0945 66.8106 
126 45.5067 64.1539 
127 42.9141 68.716 
128 50.3668 51.0188 
129 42.8402 68.5142 
130 46.0266 63.3722 
131 51.578 46.2076 
132 45.3061 65.4409 
133 49.6183 55.9501 
134 51.5794 47.132 
135 49.5065 55.6931 
136 51.0147 56.8664 
137 50.7247 57.6844 
138 49.7395 57.0103 
139 45.0613 65.0318 
140 44.799 62.6883 
141 47.0655 64.2276 
142 47.2789 55.3031 
143 48.1415 57.3494 
144 45.2597 65.8333 
145 51.2919 53.6459 
146 37.0711 62.773 
147 45.626 59.0669 
148 47.6239 60.058 
149 50.323 64.1137 
150 45.3784 62.3506 
151 48.2422 48.6642 
152 60.4245 73.5034 
153 45.5089 65.9599 
154 45.6096 64.2054 
155 45.3779 63.0269 
156 44.6001 61.3365 
157 50.2622 57.4254 
158 45.2355 66.1657 
159 48.1881 56.1389 
160 47.3975 52.0116 
161 49.3937 50.9319 
162 54.0284 49.205 
163 52.0344 48.8324 
164 52.0325 48.8466 
165 52.0318 48.85 
166 52.0137 48.9868 
167 52.2654 49.1373 
168 53.8147 49.1557 
169 51.8941 48.7131 
170 51.8997 48.732 
171 51.901 48.7368 
172 51.9594 48.9337 
173 53.2525 49.1372 
174 52.6889 49.0601 
175 51.7127 49.1662 
176 46.4924 46.5118 
177 49.3931 47.683 
178 49.4468 47.7441 
179 51.5641 49.5781 
180 52.2336 48.8999 
181 52.1797 48.8536 
182 51.4286 49.4945 
183 51.0784 49.6424 
184 50.9759 49.6765 
185 50.9413 49.6679 
186 50.9643 49.6782 
187 50.9657 49.6828 
188 50.9671 49.6886 
189 50.9715 49.6933 
190 50.9758 49.6928 
191 50.9733 49.6953 
192 50.9527 49.7136 
193 50.962 49.7029 
194 50.9435 49.703 
195 50.9561 49.695 
196 50.946 49.6409 
197 50.8772 49.6749 
198 51.0643 49.6592 
199 50.9112 49.7525 
200 50.9273 49.7302 
201 50.852 49.8298 
202 50.7301 50.0225 
203 50.7727 49.8381 
204 50.8697 49.638 
205 50.9193 49.7024 
206 50.917 49.6976 
207 51.2079 49.5167 
208 51.0506 49.62 
209 50.8084 49.9661 
210 50.7792 49.9732 
211 50.7803 49.9874 
212 50.7798 49.9791 
213 50.7802 49.9724 
214 50.7845 50.0079 
215 50.7831 49.9551 
216 50.7398 50.0331 
217 50.5823 49.4314 
218 50.7625 49.7497 
219 50.6497 49.9311 
220 50.5785 50.2539 
221 50.7586 49.9747 
222 50.7863 49.8728 
223 50.7867 49.6854 
224 50.7468 49.7994 
225 50.8317 49.7479 
226 50.583 50.1037 
227 50.808 49.8717 
228 50.7696 49.8524 
229 50.7323 49.928 
230 51.1223 49.6397 
231 50.6293 50.2066 
232 50.8201 49.7844 
233 50.8007 49.7509 
234 49.5078 50.7761 
235 54.4004 47.9475 
236 52.3436 47.8765 
237 52.3408 47.8966 
238 52.34 47.9015 
239 52.3137 48.0953 
240 52.5698 48.2528 
241 54.1804 47.9272 
242 52.2032 47.7411 
243 52.2081 47.7661 
244 52.2093 47.7725 
245 52.2597 48.0334 
246 53.5966 48.0267 
247 53.0142 48.0425 
248 51.9882 48.421 
249 46.691 45.8906 
250 49.6516 46.8694 
251 49.7046 46.9429 
252 51.8269 48.9604 
253 52.5477 47.9243 
254 52.4939 47.8716 
255 51.6818 48.9584 
256 51.3104 49.2527 
257 51.2029 49.333 
258 51.1718 49.3399 
259 51.1906 49.3394 
260 51.1907 49.3435 
261 51.1913 49.3481 
262 51.1962 49.3483 
263 51.2 49.3462 
264 51.1971 49.3501 
265 51.1733 49.3793 
266 51.1837 49.3645 
267 51.1707 49.3661 
268 51.1744 49.3679 
269 51.1799 49.31 
270 51.1075 49.3809 
271 51.2923 49.2796 
272 51.1248 49.4405 
273 51.1414 49.4132 
274 51.0478 49.5509 
275 50.8894 49.7999 
276 50.9913 49.5179 
277 51.1098 49.3468 
278 51.1409 49.3869 
279 51.1397 49.3833 
280 51.4468 49.0474 
281 51.2833 49.2373 
282 50.974 49.7388 
283 50.9448 49.7583 
284 50.9429 49.7734 
285 50.9435 49.7627 
286 50.9449 49.7548 
287 50.9433 49.7996 
288 50.9502 49.7355 
289 50.8948 49.8252 
290 50.8906 49.2839 
291 50.9739 49.52 
292 50.7841 49.7641 
293 50.6925 50.1042 
294 50.9228 49.7488 
295 50.9656 49.6384 
296 51.0131 49.4397 
297 50.9346 49.5779 
298 51.0413 49.48 
299 50.7327 49.9061 
300 50.9947 49.6192 
301 50.9606 49.6263 
302 50.8997 49.7132 
303 51.3358 49.2214 
304 50.7563 50.0369 
305 51.0221 49.5241 
306 51.0113 49.4995 
307 47.3826 62.2174 
308 47.2631 65.2369 
309 45.5703 66.0457 
310 43.2648 68.0285 
311 42.8833 67.3443 
312 46.9578 66.1639 
313 46.4149 65.5046 
314 45.6957 64.9499 
315 44.9906 64.2485 
316 44.3365 63.7099 
317 48.1782 57.228 
318 47.6742 71.3084 
319 46.5734 70.0177 
320 44.8266 70.1633 
321 43.4322 70.4255 
322 42.2087 70.0306 
323 48.4392 56.3057 
324 48.51 57.0229 
325 47.7747 56.9686 
326 47.8983 57.8011 
327 47.9574 57.6456 
328 46.0924 60.6091 
329 47.6559 60.2145 
330 47.3972 59.0073 
331 44.5788 67.4818 
332 45.5702 68.1634 
333 47.5415 60.2404 
334 46.6103 62.5779 
335 43.8917 68.6746 
336 47.4214 69.211 
337 48.0269 59.8256 
338 47.9943 61.1365 
339 47.1947 61.4398 
340 46.324 62.3708 
341 46.1875 62.0751 
342 45.6403 63.2131 
343 47.2109 63.3081 
344 48.8368 63.0654 
345 50.0173 63.0111 
346 51.5128 63.4655 
347 45.3697 58.6655 
348 49.0247 48.8173 
349 48.5275 49.1179 
350 37.5452 44.0878 
351 48.5236 49.2147 
352 48.8126 49.2397 
353 48.8472 49.1679 
354 48.9498 49.0635 
355 49.6844 49.0293 
356 53.0577 49.1546 
357 53.72 49.1229 
358 54.1423 49.0579 
359 55.8863 48.9891 
360 57.6234 49.103 
361 57.7629 49.1978 
362 57.3553 48.8332 
363 57.3439 48.1927 
364 47.749 50.3148 
365 51.8154 50.5524 
366 53.7716 49.8204 
367 55.227 49.0505 
368 51.607 49.0333 
369 47.7427 48.4581 
370 50.2445 49.3354 
371 49.8372 49.7152 
372 49.3669 49.5842 
373 49.6099 49.6196 
374 49.9392 49.862 
375 50.1335 49.7759 
376 50.2432 49.663 
377 50.8507 49.5686 
378 53.3487 49.2867 
379 53.8755 49.1921 
380 54.2824 49.1197 
381 56.027 49.0502 
382 57.7273 49.1436 
383 57.8635 49.2367 
384 57.4506 48.8696 
385 57.4356 48.2272 
386 48.9821 50.8847 
387 51.8834 50.5812 
388 53.8555 49.821 
389 55.4271 49.1349 
390 52.4046 49.4026 
391 50.2477 49.6151 
392 49.7136 49.781 
393 49.6346 49.9396 
394 46.8975 48.6506 
395 49.8455 50.142 
396 50.0416 50.1395 
397 49.8041 49.6939 
398 50.2831 49.488 
399 51.4013 49.3966 
400 52.0064 49.1986 
401 52.049 49.1128 
402 52.9677 48.8478 
403 49.9929 50.7395 
404 51.1818 47.5194 
405 50.0938 51.0134 
406 50.0713 50.9133 
407 49.8009 51.5048 
408 58.3602 51.7302 
409 50.8321 49.8712 
410 50.7826 50.2659 
411 50.8966 50.1233 
412 51.0802 50.4164 
413 51.1623 50.3357 
414 48.5785 55.2379 
415 49.0323 54.7999 
416 49.485 54.5793 
417 48.9834 53.8931 
418 48.5267 53.6816 
419 50.263 51.6013 
420 48.1786 53.3173 
421 63.1948 49.2906 
422 63.6144 49.5939 
423 63.5658 50.2451 
424 62.1502 49.681 
425 63.0104 46.1461 
426 62.6515 49.2758 
427 60.231 47.9735 
428 58.3964 48.1997 
429 54.987 45.5816 
430 53.112 46.7912 
431 43.2105 38.9254 
432 63.2382 49.3073 
433 63.6538 49.6084 
434 63.6043 50.2592 
435 62.1847 49.6913 
436 63.0426 46.1555 
437 62.6905 49.2882 
438 60.2656 47.978 
439 58.4688 48.2276 
440 55.0409 45.6003 
441 53.1447 46.777 
442 43.2306 38.9287 
443 50.5612 50.3754 
444 49.6463 50.1817 
445 51.0265 49.1027 
446 50.7226 50.1557 
447 50.6277 50.3185 
448 49.7065 50.1334 
449 51.0799 49.0541 
450 50.8163 50.0779 
451 48.323 53.3573 
452 50.1413 51.1469 
453 52.5926 48.482 
454 52.8742 48.2871 
455 49.3154 53.8219 
456 55.4704 63.7078 
457 48.2222 53.1726 
458 48.3684 56.4748 
459 45.6357 56.1374 
460 66.6232 62.2045 
461 60.9259 50.0397 
462 52.9465 47.6693 
463 46.7218 52.6121 
464 51.911 45.6369 
465 31.9796 63.9365 
466 61.3611 61.1207 
467 57.0038 53.914 
468 56.4499 54.5942 
469 53.0455 47.8329 
470 52.51 49.0857 
471 52.4727 50.193 
472 53.4593 50.206 
473 53.218 50.3022 
474 55.1168 50.0385 
475 51.4984 50.6794 
476 57.8355 49.9484 
477 52.4784 50.419 
478 51.5933 50.758 
479 51.1026 50.3293 
480 51.6378 50.1079 
481 51.8245 50.8634 
482 52.842 50.8095 
483 54.7181 50.4805 
484 53.4519 50.2384 
485 55.4437 50.1287 
486 50.9908 50.8235 
487 53.3383 50.7049 
488 49.7848 52.3084 
489 52.4066 49.2026 
490 49.6426 51.0367 
491 59.5108 49.2666 
492 60.7491 50.0638 
493 51.3014 51.4054 
494 51.5715 50.697 
495 51.6757 50.6411 
496 52.5344 50.3091 
497 52.0458 50.0939 
498 52.2241 50.0502 
499 52.2709 50.0412 
500 52.2465 50.0554 
501 52.1193 50.1107 
502 53.1807 50.7146 
503 50.2877 50.9609 
504 59.4587 50.025 
505 49.1859 52.7055 
506 51.2651 51.0211 
507 89.5337 75.8841 
508 61.854 48.0947 
509 68.6012 54.6523 
510 64.651 47.115 
511 62.3912 50.3159 
512 89.592 56.1001 
513 61.876 48.0779 
514 68.776 49.3002 
515 66.0685 45.6763 
516 63.045 47.638 
517 78.5006 38.4309 
518 68.4678 44.5843 
519 65.2633 42.0615 
520 61.7815 46.2774 
521 67.4576 41.6364 
522 64.8664 51.5416 
523 71.6973 43.1538 
524 71.9162 49.2848 
525 81.3217 30.2814 
526 81.38 59.2497 
527 71.6967 49.2801 
528 71.9156 49.5301 
529 81.3231 54.8167 
530 81.3814 51.8833 
531 67.4411 42.4466 
532 50.4781 34.2713 
533 52.6689 33.1771 
534 57.1129 33.4861 
535 58.3901 35.375 
536 60.5257 35.6885 
537 51.7034 33.1537 
538 55.9001 32.5693 
539 58.8804 32.1906 
540 46.8736 29.4942 
541 50.3078 28.4993 
542 53.3972 33.2822 
543 53.868 38.1853 
544 54.7 37.288 
545 56.1657 37.3497 
546 56.6514 37.9444 
547 57.3572 38.048 
548 54.5726 37.2504 
549 55.7413 37.0381 
550 56.7988 36.8327 
551 53.1229 35.9621 
552 54.16 35.6422 
553 54.9973 37.1365 
554 68.0643 32.1078 
555 74.2672 32.5989 
556 74.2798 39.2854 
557 74.2185 43.8542 
558 74.3561 44.1618 
559 60.4201 37.3561 
560 62.2522 37.5366 
561 62.3269 39.3984 
562 62.2576 40.7076 
563 62.2065 41.0465 
564 51.2667 47.5139 
565 60.1186 40.3683 
566 49.7202 42.4594 
567 47.1754 49.1365 
568 50.6894 40.9859 
569 55.3652 44.5313 
570 52.9132 47.2808 
571 51.8737 43.8021 
572 51.2898 47.104 
573 53.6892 40.9916 
574 54.1461 40.2977 
575 54.6169 40.3011 
576 54.9116 40.385 
577 53.5446 41.6342 
578 54.2375 39.6186 
579 54.8736 39.5232 
580 55.2796 39.6957 
581 54.9593 40.3566 
582 54.103 40.2565 
583 54.5445 39.9112 
584 54.8625 39.698 
585 55.5902 39.7411 
586 54.7613 39.5116 
587 54.6155 39.3601 
588 55.3002 39.0269 
589 54.7268 39.5458 
590 54.1786 39.5776 
591 54.6349 39.6606 
592 55.7554 39.8322 
593 54.5668 38.7061 
594 54.727 38.5922 
595 54.5397 38.9885 
596 56.379 39.0534 
597 56.4136 40.1066 
598 56.2745 40.5154 
599 56.1625 41.1394 
600 54.8587 43.8407 
601 57.4127 39.2754 
602 57.6952 39.943 
603 57.4828 40.5457 
604 57.1431 41.5765 
605 48.6677 48.7638 
606 52.5336 44.1871 
607 55.3342 39.9399 
608 50.218 48.3201 
609 52.5727 44.3606 
610 51.7209 40.8682 
611 52.5548 40.6576 
612 53.8191 40.6972 
613 54.5385 40.8312 
614 55.044 40.7924 
615 51.4961 40.7773 
616 53.862 39.2554 
617 55.2137 38.9099 
618 55.672 38.7141 
619 52.1126 38.7445 
620 53.5001 38.4058 
621 55.7908 39.1263 
622 57.5544 39.7302 
623 56.3324 40.3473 
624 56.3968 42.011 
625 55.1163 44.5857 
626 45.7776 47.3083 
627 51.1154 46.3374 
628 51.7278 43.1015 
629 50.324 42.8964 
630 51.5396 43.1181 
631 53.187 43.756 
632 51.7754 43.9923 
633 49.896 44.8794 
634 52.8856 45.7137 
635 52.2003 45.6881 
636 51.2112 44.9704 
637 50.5065 45.1273 
638 49.8399 45.2031 
639 51.4295 46.9578 
640 50.8695 47.7115 
641 43.0755 49.5062 
642 28.0942 20.6384 
643 38.1239 20.5066 
644 53.8801 20.5246 
645 63.8529 20.7017 
646 73.8381 20.7055 
647 27.545 20.7448 
648 48.9602 18.5364 
649 60.676 18.1301 
650 74.886 17.8906 
651 33.0083 17.8312 
652 39.1024 17.2649 
653 60.6431 18.2923 
654 81.1636 19.0004 
655 79.342 24.2117 
656 79.5555 39.8976 
657 78.4518 52.1793 
658 47.1884 41.2769 
659 49.2478 41.0133 
660 52.7602 41.0491 
661 54.7057 41.4034 
662 56.6762 41.4109 
663 46.09 41.4897 
664 52.9204 37.0727 
665 57.3521 36.2601 
666 58.7719 35.7812 
667 48.0165 35.6623 
668 51.2048 34.5299 
669 57.2862 36.5847 
670 62.3271 38.0009 
671 58.6839 39.4234 
672 59.111 43.7951 
673 56.9037 49.3585 
674 39.7637 61.4206 
675 41.7161 69.7087 
676 47.0458 50.5263 
677 47.9853 54.7964 
678 51.6902 31.7923 
679 55.0248 31.7583 
680 58.0845 31.3643 
681 61.2452 31.2107 
682 65.358 30.7784 
683 59.2487 31.3912 
684 58.4483 31.7942 
685 59.6519 29.8026 
686 76.9185 50.5212 
687 78.4028 52.7409 
688 78.39 56.5595 
689 78.1595 59.5804 
690 57.1009 42.82 
691 59.3795 44.3023 
692 53.357 38.1735 
693 54.7445 39.0138 
694 58.259 35.0899 
695 53.2761 33.5375 
696 78.8832 41.745 
697 59.8076 40.8402 
698 44.1324 42.9802 
699 53.5287 43.6947 
700 67.4015 42.7614 
701 60.474 43.7373 
702 86.7083 37.3639 
703 68.7364 49.6681 
704 68.6289 51.3297 
705 69.8686 48.6503 
706 75.9783 42.833 
707 72.2405 44.9531 
708 70.8745 43.3761 
709 55.868 47.6201 
710 56.015 47.0011 
711 59.6001 50.2973 
712 59.6476 49.6429 
713 74.765 41.7276 
714 57.3942 41.6108 
715 59.3113 42.9483 
716 58.0404 39.229 
717 59.2269 39.6611 
718 68.6663 42.4959 
719 48.3867 78.5492 
720 43.7447 85.5125 
721 36.4112 85.9906 
722 31.6047 86.0061 
723 29.553 85.5978 
724 45.9986 79.0339 
725 43.6658 76.6727 
726 41.29 74.3371 
727 38.9177 71.7212 
728 36.5578 69.3896 
729 34.605 63.9387 
730 22.6636 68.9729 
731 43.1169 51.4845 
732 44.229 51.3943 
733 44.5747 51.366 
734 44.786 51.3497 
735 45.171 51.3206 
736 45.2867 51.3118 
737 45.3222 51.3091 
738 45.3107 51.31 
739 45.1951 51.3189 
740 45.1549 51.3221 
741 45.0146 51.3333 
742 41.9226 51.5848 
743 44.0584 51.4063 
744 44.6289 51.3621 
745 42.465 51.5251 
746 35.755 52.0207 
747 43.2961 51.5171 
748 47.5179 50.9434 
749 34.5644 52.1874 
750 62.9984 48.1105 
751 47.3333 100 
752 25.3333 100 
